0 45 0.9942649965349348
0 1 0.9939751750062102
1 2 0.9951748202113193
1 0 0.9939751750062102
2 3 0.997057756286545
2 1 0.9951748202113193
3 4 0.9976422253105794
3 2 0.997057756286545
4 5 0.9979812667009518
4 3 0.9976422253105794
5 4 0.9979812667009518
5 6 0.9979727537776297
6 5 0.9979727537776297
6 7 0.9978775588714277
7 6 0.9978775588714277
7 8 0.9976381222188044
8 7 0.9976381222188044
8 9 0.9975806736122115
9 8 0.9975806736122115
9 10 0.9969581161293679
10 9 0.9969581161293679
10 11 0.9967915153112936
11 10 0.9967915153112936
11 12 0.9958619740363837
12 11 0.9958619740363837
12 13 0.9949387652134091
13 12 0.9949387652134091
13 14 0.9932169225188174
14 13 0.9932169225188174
14 15 0.9913065765271436
15 14 0.9913065765271436
15 16 0.9874809525897099
16 15 0.9874809525897099
16 17 0.9839052801785617
17 16 0.9839052801785617
17 18 0.9824984917672748
18 19 0.9860709588717085
18 17 0.9824984917672748
19 20 0.9911868093165039
19 18 0.9860709588717085
20 19 0.9911868093165039
20 21 0.9911524836767593
21 20 0.9911524836767593
21 22 0.9861694594275578
22 23 0.9901830979613282
22 21 0.9861694594275578
23 24 0.9933295532777133
23 22 0.9901830979613282
24 25 0.9947402685835094
24 23 0.9933295532777133
25 26 0.9956476289016568
25 24 0.9947402685835094
26 27 0.9960822427352789
26 25 0.9956476289016568
27 28 0.9961372110753277
27 26 0.9960822427352789
28 29 0.9961875313722532
28 27 0.9961372110753277
29 28 0.9961875313722532
29 30 0.9951539521425561
30 31 0.995540302160765
30 29 0.9951539521425561
31 30 0.995540302160765
31 32 0.9950354206691344
32 33 0.9952158094260382
32 31 0.9950354206691344
33 34 0.9956681632024658
33 32 0.9952158094260382
34 35 0.9962138994911822
34 33 0.9956681632024658
35 36 0.996393290547956
35 34 0.9962138994911822
36 37 0.9964080166567957
36 35 0.996393290547956
37 36 0.9964080166567957
37 38 0.9959291992616415
38 37 0.9959291992616415
38 39 0.9941874035864553
39 38 0.9941874035864553
39 40 0.9897384200011405
40 41 0.9935646171702999
40 39 0.9897384200011405
41 40 0.9935646171702999
41 42 0.9924331870429537
42 41 0.9924331870429537
42 43 0.9920106476397936
43 44 0.9922423680335393
43 42 0.9920106476397936
44 45 0.993610369435494
44 43 0.9922423680335393
45 0 0.9942649965349348
45 44 0.993610369435494
