0 45 0.9942649965349348
0 1 0.9939751750062102
0 2 0.9807323280921332
0 44 0.9770185371606759
0 3 0.9671461631130405
0 4 0.953447682922921
0 43 0.9448782365447634
0 5 0.9398831856420669
0 6 0.9253599767798958
0 7 0.9100730863194106
0 42 0.898888018561534
0 8 0.8931434067049265
0 9 0.8741305620294573
0 10 0.8515281404521888
0 41 0.841560944163773
0 11 0.8258782681270185
0 12 0.7934495620848598
0 40 0.7803386871350104
0 13 0.7545084831825074
0 39 0.7512387405013013
0 38 0.7267721096311884
0 37 0.7072220912548772
0 14 0.7036955244804508
0 36 0.6902206176133932
0 35 0.6735322494344322
0 34 0.6513829667340991
0 15 0.6423505768378677
0 33 0.6286721401616956
0 32 0.6007830102201775
0 31 0.574380781022688
0 16 0.563339753182559
0 30 0.5456930685978555
0 29 0.5174565492973877
0 28 0.49078097694852435
0 17 0.47426660767509293
0 27 0.4668286898183225
0 26 0.4413571548221629
0 25 0.41338221318878193
0 18 0.39249873160260007
0 24 0.38276418409626123
0 23 0.34641038801247015
0 19 0.3333381343312315
0 22 0.3120890777980864
0 20 0.3017140745165132
0 21 0.29404368631286393
1 2 0.9951748202113193
1 0 0.9939751750062102
1 3 0.9869995728279797
1 45 0.9857657913789224
1 4 0.977103158060467
1 5 0.9664223083042001
1 44 0.9657940119469413
1 6 0.9544548125329869
1 7 0.9413310468145393
1 43 0.9312522310080187
1 8 0.9262123122215029
1 9 0.9087953576693091
1 10 0.887264810373227
1 42 0.8830020719555662
1 11 0.8626263858348497
1 12 0.8307733110089373
1 41 0.8239121931056932
1 13 0.7920139117633961
1 40 0.7615974856753397
1 14 0.7410295049424565
1 39 0.7280464604643504
1 38 0.7011704895245275
1 37 0.6805460489750096
1 15 0.6781476805055174
1 36 0.6631921335972233
1 35 0.6467315870948905
1 34 0.6252236603648382
1 33 0.6026429719359896
1 16 0.5962126134320374
1 32 0.5750142610692301
1 31 0.5486716696636175
1 30 0.5204978166007925
1 17 0.5017964581719501
1 29 0.49288342393465057
1 28 0.46741549884073286
1 27 0.444888980876179
1 26 0.42132658991393607
1 18 0.41280672537874064
1 25 0.395331491851351
1 24 0.36767191664803744
1 19 0.34672525656536113
1 23 0.3352409845585144
1 20 0.30877020387678
1 22 0.30660418184319865
1 21 0.2956483811160865
2 3 0.997057756286545
2 1 0.9951748202113193
2 4 0.9913890130494353
2 5 0.9839012798559937
2 0 0.9807323280921332
2 6 0.9748711099431845
2 45 0.9704179558780313
2 7 0.964198341563042
2 8 0.9511115291364852
2 44 0.9482823362164359
2 9 0.9356391155126765
2 10 0.9157373885406013
2 43 0.9119957197135158
2 11 0.8924769867784834
2 42 0.862405036292599
2 12 0.8618426952981917
2 13 0.8239130278131789
2 41 0.8024892320666286
2 14 0.7733251047038139
2 40 0.7400401950436344
2 15 0.710048080021971
2 39 0.7030461629468068
2 38 0.6744671119248046
2 37 0.653214578387707
2 36 0.635846051887186
2 16 0.6264220670287513
2 35 0.6198178119812171
2 34 0.5992508705940383
2 33 0.5773623389268557
2 32 0.5505687757616429
2 17 0.5283324748015462
2 31 0.5249789173818382
2 30 0.4978193464001936
2 29 0.4715402560666828
2 28 0.44761656129357075
2 18 0.4339836246380655
2 27 0.43220864989208313
2 26 0.4217214206403439
2 25 0.4050618214086827
2 24 0.3801575940604819
2 19 0.36239931451492985
2 23 0.35057582431308454
2 20 0.3191329752496691
2 22 0.31186618142944944
2 21 0.30123687410622213
3 4 0.9976422253105794
3 2 0.997057756286545
3 5 0.993133181074693
3 1 0.9869995728279797
3 6 0.9866048466368584
3 7 0.978141461177054
3 0 0.9671461631130405
3 8 0.9669877158173369
3 45 0.9553654789456933
3 9 0.9534757270179659
3 10 0.9352294191366625
3 44 0.9317853079032308
3 11 0.9134049248090235
3 43 0.8945393699397285
3 12 0.8844440172923631
3 13 0.8477993767812699
3 42 0.8442636431360899
3 14 0.7985012361305105
3 41 0.7841585034358568
3 15 0.7359538377597501
3 40 0.7220785330279579
3 39 0.6836292473968383
3 38 0.6546008879142142
3 16 0.6525950000999297
3 37 0.6336800974930982
3 36 0.6167879465632513
3 35 0.6016307205434386
3 34 0.5823308407839374
3 33 0.561536726750144
3 17 0.5531934343876215
3 32 0.5360071332493187
3 31 0.5116692863717323
3 30 0.48578715968658503
3 29 0.4610337215100853
3 18 0.4564171003665296
3 28 0.45440510168332815
3 27 0.44945634156579833
3 26 0.43846395604063737
3 25 0.42130182908689656
3 24 0.3953555630980409
3 19 0.3815307083973839
3 23 0.3640783634536846
3 20 0.3348192083118514
3 22 0.3226484539168024
3 21 0.31369370746435893
4 5 0.9979812667009518
4 3 0.9976422253105794
4 6 0.9938115138298691
4 2 0.9913890130494353
4 7 0.9875032674503808
4 8 0.978238873722747
4 1 0.977103158060467
4 9 0.9663969460402414
4 0 0.953447682922921
4 10 0.9500231608334152
4 45 0.940822873901775
4 11 0.9300210806268558
4 44 0.9164167930301383
4 12 0.9030906407653192
4 43 0.8787975429106982
4 13 0.8681568534149684
4 42 0.8283817941223752
4 14 0.8207416417279432
4 41 0.7686271203251398
4 15 0.7594881835575755
4 40 0.7071773196777764
4 16 0.6772464123418478
4 39 0.6681524712487966
4 38 0.6392905152116474
4 37 0.6188193272152918
4 36 0.6025102754329212
4 35 0.5880591424052352
4 17 0.5778847608362696
4 34 0.5699605317568912
4 33 0.5503500934092651
4 32 0.5261998435862774
4 31 0.5033365795079037
4 18 0.4796879688082013
4 30 0.4790523031779653
4 28 0.46585183602622104
4 29 0.4621173973854685
4 27 0.46078417547031303
4 26 0.4495400892972175
4 25 0.43220095830645816
4 24 0.40558776075665387
4 19 0.4028286585584646
4 23 0.37317182213131755
4 20 0.3535187938703687
4 22 0.33009061041645993
4 21 0.3299768620594763
5 4 0.9979812667009518
5 6 0.9979727537776297
5 7 0.9938838568596404
5 3 0.993133181074693
5 8 0.9868093910366527
5 2 0.9839012798559937
5 9 0.977008707636158
5 1 0.9664223083042001
5 10 0.9627858755139087
5 11 0.9447482191045532
5 0 0.9398831856420669
5 45 0.9266909023808358
5 12 0.9199568692645477
5 44 0.9018518553928383
5 13 0.8871917158504219
5 43 0.8642276778268729
5 14 0.8418040571857683
5 42 0.8140435262731142
5 15 0.7824608210448353
5 41 0.7548249574228154
5 16 0.7018030529520423
5 40 0.694260217191921
5 39 0.6552647019057842
5 38 0.6269491701721481
5 37 0.6070933843583158
5 17 0.6031649764775877
5 36 0.5914530065000707
5 35 0.5780080547051782
5 34 0.5613064762972073
5 33 0.5430663062972922
5 32 0.5203645814505857
5 18 0.5043426371815738
5 31 0.49911613421458806
5 30 0.4764733894032036
5 28 0.4733811432521116
5 29 0.4697787346752716
5 27 0.4684032683942671
5 26 0.45715887921980003
5 25 0.43976635452257673
5 19 0.4260386638607831
5 24 0.41292868108328945
5 23 0.3798054772903665
5 20 0.37467118912617536
5 21 0.34892208360079086
5 22 0.340431050064569
6 5 0.9979727537776297
6 7 0.9978775588714277
6 4 0.9938115138298691
6 8 0.9932133358762425
6 3 0.9866048466368584
6 9 0.9856398638670134
6 2 0.9748711099431845
6 10 0.973688687865385
6 11 0.9579069941088115
6 1 0.9544548125329869
6 12 0.9356344569249782
6 0 0.9253599767798958
6 45 0.9118136538912762
6 13 0.905173456431968
6 44 0.8866997584857417
6 14 0.8621339433290172
6 43 0.8493461113192141
6 15 0.805124547514201
6 42 0.7995989018888052
6 41 0.7411621852165333
6 16 0.7266172848235743
6 40 0.6816279733060833
6 39 0.6424066535678539
6 17 0.6291300862314162
6 38 0.6146026473575251
6 37 0.595455243431744
6 36 0.5805510295166189
6 35 0.5680966061016606
6 34 0.5527478056758075
6 33 0.5360278321891225
6 18 0.5304454251066407
6 32 0.5149941677815717
6 31 0.4953785695695716
6 28 0.479304508873995
6 29 0.4757283941864328
6 30 0.47456832730231646
6 27 0.4744651222277986
6 26 0.4632082611142836
6 19 0.450969337770654
6 25 0.4458912095679951
6 24 0.4189481338634772
6 20 0.39757012487528187
6 23 0.38528707510246585
6 21 0.36984260707721517
6 22 0.35789423215401944
7 6 0.9978775588714277
7 8 0.9976381222188044
7 5 0.9938838568596404
7 9 0.9926321163479706
7 4 0.9875032674503808
7 10 0.983223932697551
7 3 0.978141461177054
7 11 0.969860637613647
7 2 0.964198341563042
7 12 0.9501709215801629
7 1 0.9413310468145393
7 13 0.9223431300772156
7 0 0.9100730863194106
7 45 0.8963414512123373
7 14 0.8828202704167889
7 44 0.8712074932767551
7 43 0.8341797609962753
7 15 0.8287187023393323
7 42 0.7850030771592162
7 16 0.7530199915610519
7 41 0.7274878026002499
7 40 0.6689938136239344
7 17 0.6577569604629783
7 39 0.630480181317631
7 38 0.6034857254187227
7 37 0.5853916540525544
7 36 0.5713941651410985
7 35 0.5600696044308364
7 18 0.5594572654254313
7 34 0.5462066045164817
7 33 0.5310352056328852
7 32 0.511827896301325
7 31 0.4941545682548994
7 28 0.4809867929626863
7 19 0.4793402925375977
7 29 0.4775003962661647
7 27 0.4763281564863704
7 30 0.47539893744857026
7 26 0.4652158221050283
7 25 0.4480070052461965
7 20 0.42450561626644734
7 24 0.4211547109664912
7 21 0.39500187808827236
7 23 0.3871470211404759
7 22 0.3797333906710445
8 7 0.9976381222188044
8 9 0.9975806736122115
8 6 0.9932133358762425
8 10 0.9914723227168182
8 5 0.9868093910366527
8 11 0.9810940541405736
8 4 0.978238873722747
8 3 0.9669877158173369
8 12 0.9645711997745419
8 2 0.9511115291364852
8 13 0.9401307709819662
8 1 0.9262123122215029
8 14 0.9040981187793709
8 0 0.8931434067049265
8 45 0.8794383071073698
8 44 0.8545530147087224
8 15 0.8534077056811193
8 43 0.8182551532501549
8 16 0.7813248060910813
8 42 0.7699752834332718
8 41 0.7137005948411898
8 17 0.6886442364778385
8 40 0.656416819584953
8 39 0.6189981334444927
8 38 0.5931416088532689
8 18 0.5914069269786089
8 37 0.5762154978295889
8 36 0.5633672852724773
8 35 0.5534422502196132
8 34 0.5411822812561481
8 33 0.5276778102402299
8 19 0.5109323515132622
8 32 0.510244791454167
8 31 0.4944105402807202
8 28 0.47959933192594917
8 30 0.47772458415884095
8 29 0.4761488729895305
8 27 0.475176331103397
8 26 0.46439883882902355
8 20 0.4546863092220975
8 25 0.44749236611621845
8 21 0.42331241276746656
8 24 0.4208277888780009
8 23 0.4054397743142711
8 22 0.4045889011966414
9 8 0.9975806736122115
9 10 0.9969581161293679
9 7 0.9926321163479706
9 11 0.9898387263457517
9 6 0.9856398638670134
9 12 0.977057548668981
9 5 0.977008707636158
9 4 0.9663969460402414
9 13 0.9563784862575991
9 3 0.9534757270179659
9 2 0.9356391155126765
9 14 0.9244396579584674
9 1 0.9087953576693091
9 15 0.8779360913175462
9 0 0.8741305620294573
9 45 0.8609399826842924
9 44 0.8367839790453846
9 16 0.8098087493648269
9 43 0.8018181983034554
9 42 0.7549336548325396
9 17 0.7203332620915119
9 41 0.7003226677167631
9 40 0.6447434746881298
9 18 0.6248907389111864
9 39 0.6091792357218384
9 38 0.5845706359174904
9 37 0.5686651467699394
9 36 0.5567021097138036
9 35 0.5479309659520317
9 19 0.5443026341069315
9 34 0.5372696469915487
9 33 0.5255789905139104
9 32 0.5102403804117818
9 31 0.4965577629612066
9 20 0.4869996461946312
9 30 0.48228057612574154
9 28 0.4739377885021761
9 29 0.470515604128152
9 27 0.46985419122330335
9 26 0.4595992449590256
9 21 0.45403550159265615
9 25 0.4433639699527861
9 24 0.4352084800168094
9 22 0.43202186851093466
9 23 0.42930107375527543
10 9 0.9969581161293679
10 11 0.9967915153112936
10 8 0.9914723227168182
10 12 0.9881829251599821
10 7 0.983223932697551
10 6 0.973688687865385
10 13 0.9721432132369952
10 5 0.9627858755139087
10 4 0.9500231608334152
10 14 0.94500297122741
10 3 0.9352294191366625
10 2 0.9157373885406013
10 15 0.9037921201676391
10 1 0.887264810373227
10 0 0.8515281404521888
10 16 0.840676080953122
10 45 0.8389556019876474
10 44 0.8156470752604608
10 43 0.782124972985788
10 17 0.7558231840718586
10 42 0.7368344963206991
10 41 0.684127989523239
10 18 0.662929783751493
10 40 0.6304742680114868
10 39 0.5971660432867106
10 19 0.5831606340143793
10 38 0.5746097007844153
10 37 0.5603901017746952
10 36 0.5499960543861068
10 35 0.5429176904692741
10 34 0.5344107960872959
10 20 0.5253923545606476
10 33 0.5250109223758891
10 32 0.5120916847969761
10 31 0.5009845212815064
10 21 0.49100247039151423
10 30 0.4895327904417381
10 29 0.4804456081660771
10 28 0.47340052007833616
10 27 0.4698880299271921
10 26 0.46706307342003156
10 22 0.46549979195640995
10 25 0.4629089743168277
10 24 0.4608361279940272
10 23 0.4586766445006441
11 10 0.9967915153112936
11 12 0.9958619740363837
11 9 0.9898387263457517
11 13 0.9849639629986902
11 8 0.9810940541405736
11 7 0.969860637613647
11 14 0.9633628957113716
11 6 0.9579069941088115
11 5 0.9447482191045532
11 4 0.9300210806268558
11 15 0.9278749786438765
11 3 0.9134049248090235
11 2 0.8924769867784834
11 16 0.8707046322300389
11 1 0.8626263858348497
11 0 0.8258782681270185
11 45 0.8143410752792678
11 44 0.7923154923734032
11 17 0.7911641714692779
11 43 0.7607485250397634
11 42 0.7174513552241453
11 18 0.7010878412413317
11 41 0.6670205229818198
11 19 0.6226159452344514
11 40 0.6156296576694298
11 39 0.5848930344194938
11 20 0.5644172294350746
11 38 0.5643307625799509
11 37 0.5515791138754645
11 36 0.5427199236419004
11 35 0.5373148858925147
11 34 0.5309443316128688
11 21 0.5284814064984991
11 33 0.5238061781182012
11 32 0.5133812003424367
11 31 0.5047890239857372
11 22 0.49915522393584055
11 30 0.4961091540160205
11 29 0.4900043141913841
11 23 0.48816315623492673
11 24 0.4863965402941429
11 28 0.48594945534358575
11 26 0.4857221542434857
11 27 0.48552964006819493
11 25 0.48483816891007553
12 11 0.9958619740363837
12 13 0.9949387652134091
12 10 0.9881829251599821
12 14 0.9803478895615048
12 9 0.977057548668981
12 8 0.9645711997745419
12 15 0.9516650626500662
12 7 0.9501709215801629
12 6 0.9356344569249782
12 5 0.9199568692645477
12 4 0.9030906407653192
12 16 0.902136511198445
12 3 0.8844440172923631
12 2 0.8618426952981917
12 1 0.8307733110089373
12 17 0.8287988485398281
12 0 0.7934495620848598
12 45 0.7828405091039122
12 44 0.7618542494340786
12 18 0.7432961819836296
12 43 0.7321555011925134
12 42 0.6910150724293047
12 19 0.6664396873682934
12 41 0.6430341639978602
12 20 0.6078789720360991
12 40 0.5940600306581182
12 21 0.5703259448625543
12 39 0.5667585156812244
12 38 0.5489601590761874
12 37 0.5382564204362902
12 22 0.537000050015461
12 36 0.5313791051667649
12 35 0.5279361321638139
12 34 0.5239336291299499
12 23 0.5210781748334389
12 33 0.5195528588319938
12 24 0.5146540690584481
12 32 0.5121545622148435
12 25 0.5088486290257567
12 31 0.5068107755502921
12 26 0.5057957457556326
12 27 0.50188309851115
12 30 0.5014421033322827
12 29 0.4989444670987825
12 28 0.49844301957078724
13 12 0.9949387652134091
13 14 0.9932169225188174
13 11 0.9849639629986902
13 15 0.9737386351421058
13 10 0.9721432132369952
13 9 0.9563784862575991
13 8 0.9401307709819662
13 16 0.9334502697345755
13 7 0.9223431300772156
13 6 0.905173456431968
13 5 0.8871917158504219
13 17 0.8688812309485485
13 4 0.8681568534149684
13 3 0.8477993767812699
13 2 0.8239130278131789
13 1 0.7920139117633961
13 18 0.78958852278987
13 0 0.7545084831825074
13 45 0.7454061596146718
13 44 0.7262426668549649
13 19 0.7156894179849043
13 43 0.6993503030942583
13 42 0.6612032471155784
13 20 0.6575721215178167
13 21 0.6187116788251164
13 41 0.6165244206937746
13 22 0.5813197423648184
13 40 0.5708755512810493
13 23 0.5603190549182036
13 24 0.5489827482787382
13 39 0.547737029031883
13 25 0.5385403182707944
13 38 0.533125814984059
13 26 0.5310782872478133
13 37 0.524835701843163
13 27 0.5229834316608366
13 36 0.5201644409262365
13 35 0.5188784962630523
13 34 0.5173982802390702
13 33 0.5161393571531085
13 28 0.5152755901039401
13 32 0.5124650479054511
13 29 0.5116497455116494
13 31 0.5109690857817083
13 30 0.5097330977407617
14 13 0.9932169225188174
14 15 0.9913065765271436
14 12 0.9803478895615048
14 16 0.9635822319773517
14 11 0.9633628957113716
14 10 0.94500297122741
14 9 0.9244396579584674
14 17 0.9107881783022671
14 8 0.9040981187793709
14 7 0.8828202704167889
14 6 0.8621339433290172
14 5 0.8418040571857683
14 18 0.8397610438553785
14 4 0.8207416417279432
14 3 0.7985012361305105
14 2 0.7733251047038139
14 19 0.7697889302022463
14 1 0.7410295049424565
14 20 0.7130873139306264
14 0 0.7036955244804508
14 45 0.6972732056545319
14 44 0.6812372232310309
14 21 0.6736316378358087
14 43 0.6588388235890859
14 22 0.6322378091162288
14 42 0.6254006973197863
14 23 0.6058321790359402
14 24 0.5888015506479686
14 41 0.5858512201044017
14 25 0.5732810798148176
14 26 0.5610010581710698
14 27 0.5482249822553622
14 40 0.5450482587360022
14 28 0.5358288372485053
14 39 0.5277558534078213
14 29 0.5276549446903785
14 30 0.5209611814164516
14 31 0.5175424269921265
14 38 0.5172023148480273
14 32 0.5147693208444736
14 33 0.5143663962617858
14 34 0.5122797128795722
14 37 0.5119466782318769
14 35 0.5105500698543215
14 36 0.509623198830119
15 14 0.9913065765271436
15 16 0.9874809525897099
15 13 0.9737386351421058
15 12 0.9516650626500662
15 17 0.9498778352950401
15 11 0.9278749786438765
15 10 0.9037921201676391
15 18 0.8902068585156355
15 9 0.8779360913175462
15 8 0.8534077056811193
15 7 0.8287187023393323
15 19 0.8265659886479071
15 6 0.805124547514201
15 5 0.7824608210448353
15 20 0.7725496452639506
15 4 0.7594881835575755
15 3 0.7359538377597501
15 21 0.7329431448823076
15 2 0.710048080021971
15 22 0.68800568554789
15 1 0.6781476805055174
15 23 0.6564844306318475
15 0 0.6423505768378677
15 45 0.6392836318039921
15 24 0.6338108643759626
15 44 0.6274932490081926
15 25 0.6130278836147429
15 43 0.6109335999183814
15 26 0.5956148461370132
15 42 0.5836455474865059
15 27 0.5780616993949214
15 28 0.5607665722246902
15 41 0.5507468516178928
15 29 0.5475831339226042
15 30 0.5351324010701458
15 31 0.5263220441400873
15 32 0.5182841014487912
15 40 0.5161268912984273
15 33 0.5130932035917422
15 34 0.5070790993314492
15 39 0.5051749599983287
15 35 0.501910389066862
15 38 0.499282254613179
15 36 0.49824547625219073
15 37 0.4977350623365917
16 15 0.9874809525897099
16 17 0.9839052801785617
16 14 0.9635822319773517
16 18 0.9416802650774072
16 13 0.9334502697345755
16 12 0.902136511198445
16 19 0.8879917197647815
16 11 0.8707046322300389
16 10 0.840676080953122
16 20 0.8390401307087982
16 9 0.8098087493648269
16 21 0.8006985485088164
16 8 0.7813248060910813
16 22 0.7537844744033493
16 7 0.7530199915610519
16 6 0.7266172848235743
16 23 0.7171586042787086
16 5 0.7018030529520423
16 24 0.6887072842427329
16 4 0.6772464123418478
16 25 0.6621219115967047
16 3 0.6525950000999297
16 26 0.639291535559356
16 2 0.6264220670287513
16 27 0.6164819379495858
16 1 0.5962126134320374
16 28 0.5935199887334272
16 29 0.5747724850084261
16 45 0.5649069019357096
16 0 0.563339753182559
16 44 0.5589661664230194
16 30 0.5557825458671986
16 43 0.5501042475729604
16 31 0.5403494008208855
16 42 0.5311869027811648
16 32 0.5255837703994994
16 33 0.5137952869100763
16 41 0.5072602805072681
16 34 0.5025551351368931
16 35 0.49287822008051274
16 36 0.48595519680741484
16 37 0.48194339976984346
16 40 0.48114963029206964
16 38 0.4791418068198945
16 39 0.4788388212925659
17 16 0.9839052801785617
17 18 0.9824984917672748
17 15 0.9498778352950401
17 19 0.9457929977183017
17 14 0.9107881783022671
17 20 0.9064797431269647
17 21 0.8719911721614773
17 13 0.8688812309485485
17 12 0.8287988485398281
17 22 0.8257403941158129
17 11 0.7911641714692779
17 23 0.7859199632471972
17 10 0.7558231840718586
17 24 0.7526111172374784
17 25 0.7211692470752952
17 9 0.7203332620915119
17 26 0.6932059184221687
17 8 0.6886442364778385
17 27 0.6652547498726438
17 7 0.6577569604629783
17 28 0.6368848372391125
17 6 0.6291300862314162
17 29 0.6122869785692737
17 5 0.6031649764775877
17 30 0.5864381962553041
17 4 0.5778847608362696
17 31 0.5641427146789098
17 3 0.5531934343876215
17 32 0.5426368133691913
17 2 0.5283324748015462
17 33 0.5241652468088038
17 34 0.5075015299816079
17 1 0.5017964581719501
17 35 0.4929154256662607
17 43 0.48499022878359865
17 44 0.4838170214383678
17 36 0.48234611772444724
17 45 0.4819939148554861
17 42 0.4769835236571369
17 0 0.47426660767509293
17 37 0.47400996685968066
17 38 0.46562658644880817
17 41 0.46446359842558305
17 39 0.45757741098577176
17 40 0.44917832961371046
18 19 0.9860709588717085
18 17 0.9824984917672748
18 20 0.9606277926519415
18 16 0.9416802650774072
18 21 0.932728165539104
18 22 0.8903961458605087
18 15 0.8902068585156355
18 23 0.850152325028374
18 14 0.8397610438553785
18 24 0.8143522989458014
18 13 0.78958852278987
18 25 0.779848690909418
18 26 0.7482345618939263
18 12 0.7432961819836296
18 27 0.7167476004544242
18 11 0.7010878412413317
18 28 0.684446172109191
18 10 0.662929783751493
18 29 0.6550526310026543
18 9 0.6248907389111864
18 30 0.6234695583564567
18 31 0.5953545010039566
18 8 0.5914069269786089
18 32 0.5682121931597011
18 7 0.5594572654254313
18 33 0.543878391739637
18 6 0.5304454251066407
18 34 0.5222083989966111
18 5 0.5043426371815738
18 35 0.5027632241563602
18 36 0.48843785032726894
18 4 0.4796879688082013
18 37 0.47577877196646046
18 38 0.4618309913087219
18 3 0.4564171003665296
18 39 0.4457956270269652
18 2 0.4339836246380655
18 42 0.4310376530089337
18 41 0.4300650812313652
18 43 0.4276916822338703
18 40 0.42568414193848614
18 44 0.41643492084614975
18 1 0.41280672537874064
18 45 0.40659002857013593
18 0 0.39249873160260007
19 20 0.9911868093165039
19 18 0.9860709588717085
19 21 0.9714316858445989
19 17 0.9457929977183017
19 22 0.9348192008032555
19 23 0.8964716873673333
19 16 0.8879917197647815
19 24 0.8603828001174492
19 15 0.8265659886479071
19 25 0.8247357442025489
19 26 0.7913060945003374
19 14 0.7697889302022463
19 27 0.7580631028576579
19 28 0.7236688731465899
19 13 0.7156894179849043
19 29 0.6916282395679569
19 12 0.6664396873682934
19 30 0.6567198303940647
19 31 0.6250922766945379
19 11 0.6226159452344514
19 32 0.5945127938434459
19 10 0.5831606340143793
19 33 0.566611982043228
19 9 0.5443026341069315
19 34 0.5420256168295319
19 35 0.5196037000328539
19 8 0.5109323515132622
19 36 0.5027373195368372
19 37 0.486647419020493
19 7 0.4793402925375977
19 38 0.46828107027310806
19 6 0.450969337770654
19 39 0.4455468017811013
19 5 0.4260386638607831
19 40 0.4154819528016408
19 41 0.41100062768254386
19 4 0.4028286585584646
19 42 0.4024402454109014
19 43 0.3897306134286918
19 3 0.3815307083973839
19 44 0.37002447321717746
19 2 0.36239931451492985
19 45 0.35318898469787924
19 1 0.34672525656536113
19 0 0.3333381343312315
20 19 0.9911868093165039
20 21 0.9911524836767593
20 22 0.9628772740528616
20 18 0.9606277926519415
20 23 0.9286250551925301
20 17 0.9064797431269647
20 24 0.8943177052693014
20 25 0.8597140382835595
20 16 0.8390401307087982
20 26 0.8265470254510632
20 27 0.7934851910511677
20 15 0.7725496452639506
20 28 0.7589598073037604
20 29 0.7263574216767443
20 14 0.7130873139306264
20 30 0.6904897120528459
20 31 0.6575892213502512
20 13 0.6575721215178167
20 32 0.6258015172745832
20 12 0.6078789720360991
20 33 0.5962573992073616
20 34 0.5704721565784026
20 11 0.5644172294350746
20 35 0.5466532578090657
20 36 0.5283338851843915
20 10 0.5253923545606476
20 37 0.5102058944240571
20 38 0.48883897642278695
20 9 0.4869996461946312
20 39 0.4613031285514986
20 8 0.4546863092220975
20 7 0.42450561626644734
20 40 0.4240076050165821
20 41 0.41277471302054425
20 6 0.39757012487528187
20 42 0.39674552293559834
20 43 0.3764023605118176
20 5 0.37467118912617536
20 4 0.3535187938703687
20 44 0.34981098026173846
20 3 0.3348192083118514
20 45 0.32680450540576
20 2 0.3191329752496691
20 1 0.30877020387678
20 0 0.3017140745165132
21 20 0.9911524836767593
21 22 0.9861694594275578
21 19 0.9714316858445989
21 23 0.9599660694359862
21 18 0.932728165539104
21 24 0.9306363776791888
21 25 0.8995998918917469
21 17 0.8719911721614773
21 26 0.8689218218428274
21 27 0.8379796570924186
21 28 0.8050145658477019
21 16 0.8006985485088164
21 29 0.7730644637013865
21 30 0.7376999205930793
21 15 0.7329431448823076
21 31 0.7045775323555656
21 14 0.6736316378358087
21 32 0.6720493855298816
21 33 0.6415329128746796
21 13 0.6187116788251164
21 34 0.6149180265483571
21 35 0.5901525161485088
21 36 0.5705830431900221
21 12 0.5703259448625543
21 37 0.5507421736992886
21 11 0.5284814064984991
21 38 0.5266332755773943
21 39 0.4948048806251768
21 10 0.49100247039151423
21 9 0.45403550159265615
21 40 0.450500991504274
21 41 0.433657143847714
21 8 0.42331241276746656
21 42 0.4113350165701275
21 7 0.39500187808827236
21 43 0.38461185885059573
21 6 0.36984260707721517
21 44 0.35218645546352123
21 5 0.34892208360079086
21 4 0.3299768620594763
21 45 0.32370578394481164
21 3 0.31369370746435893
21 2 0.30123687410622213
21 1 0.2956483811160865
21 0 0.29404368631286393
22 23 0.9901830979613282
22 21 0.9861694594275578
22 24 0.9720230683179671
22 20 0.9628772740528616
22 25 0.9488645887063841
22 19 0.9348192008032555
22 26 0.9240530648274529
22 27 0.8977071779559658
22 18 0.8903961458605087
22 28 0.8686892023962545
22 29 0.8392443924663187
22 17 0.8257403941158129
22 30 0.8058928002813239
22 31 0.7735432161947564
22 16 0.7537844744033493
22 32 0.7407848322013415
22 33 0.7097444800720232
22 15 0.68800568554789
22 34 0.6827405732963331
22 35 0.6576909813750955
22 36 0.6372856032323003
22 14 0.6322378091162288
22 37 0.6163655705779056
22 38 0.5901612457848715
22 13 0.5813197423648184
22 39 0.5546778442324345
22 12 0.537000050015461
22 40 0.5040020697417
22 11 0.49915522393584055
22 41 0.4821222783635065
22 10 0.46549979195640995
22 42 0.45378287627050173
22 9 0.43202186851093466
22 43 0.4205686242554658
22 8 0.4045889011966414
22 44 0.3820494746735991
22 7 0.3797333906710445
22 6 0.35789423215401944
22 45 0.3472716218446656
22 5 0.340431050064569
22 4 0.33009061041645993
22 3 0.3226484539168024
22 0 0.3120890777980864
22 2 0.31186618142944944
22 1 0.30660418184319865
23 24 0.9933295532777133
23 22 0.9901830979613282
23 25 0.979690948090784
23 26 0.962032248451104
23 21 0.9599660694359862
23 27 0.9411426395389064
23 20 0.9286250551925301
23 28 0.9171433186585756
23 19 0.8964716873673333
23 29 0.8919168485839203
23 30 0.8617484964968002
23 18 0.850152325028374
23 31 0.8314252807354603
23 32 0.7999858943580552
23 17 0.7859199632471972
23 33 0.7697801703194596
23 34 0.7431905344841995
23 35 0.7190208867830545
23 16 0.7171586042787086
23 36 0.6987939850210276
23 37 0.6777061896352431
23 15 0.6564844306318475
23 38 0.6514538017674147
23 39 0.6144158822963313
23 14 0.6058321790359402
23 40 0.5606518352839892
23 13 0.5603190549182036
23 41 0.5362415080451308
23 12 0.5210781748334389
23 42 0.5045852103540961
23 11 0.48816315623492673
23 43 0.4674101208160485
23 10 0.4586766445006441
23 9 0.42930107375527543
23 44 0.4248286884863748
23 8 0.4054397743142711
23 7 0.3871470211404759
23 45 0.38568326312698403
23 6 0.38528707510246585
23 5 0.3798054772903665
23 4 0.37317182213131755
23 3 0.3640783634536846
23 2 0.35057582431308454
23 0 0.34641038801247015
23 1 0.3352409845585144
24 25 0.9947402685835094
24 23 0.9933295532777133
24 26 0.9841399904275026
24 22 0.9720230683179671
24 27 0.9690612405543955
24 28 0.9500638842140565
24 21 0.9306363776791888
24 29 0.9287245272852996
24 30 0.9020769782239297
24 20 0.8943177052693014
24 31 0.8745226162442126
24 19 0.8603828001174492
24 32 0.8450307264440928
24 33 0.8161444568666736
24 18 0.8143522989458014
24 34 0.7906879978413741
24 35 0.7675581480918171
24 17 0.7526111172374784
24 36 0.747852303135714
24 37 0.7272301403745164
24 38 0.7012680528847969
24 16 0.6887072842427329
24 39 0.6638648811166301
24 15 0.6338108643759626
24 40 0.6087229946917756
24 14 0.5888015506479686
24 41 0.5833486107460045
24 42 0.5501704329321733
24 13 0.5489827482787382
24 12 0.5146540690584481
24 43 0.511068995571867
24 11 0.4863965402941429
24 44 0.46621467780978787
24 10 0.4608361279940272
24 9 0.4352084800168094
24 45 0.4245320086059612
24 7 0.4211547109664912
24 8 0.4208277888780009
24 6 0.4189481338634772
24 5 0.41292868108328945
24 4 0.40558776075665387
24 3 0.3953555630980409
24 0 0.38276418409626123
24 2 0.3801575940604819
24 1 0.36767191664803744
25 26 0.9956476289016568
25 24 0.9947402685835094
25 27 0.9864382736644988
25 23 0.979690948090784
25 28 0.9722047187675884
25 29 0.9550990298442306
25 22 0.9488645887063841
25 30 0.9320314176757989
25 31 0.9069664778765911
25 21 0.8995998918917469
25 32 0.8792001043545856
25 20 0.8597140382835595
25 33 0.8516644932910761
25 34 0.8271014435375499
25 19 0.8247357442025489
25 35 0.8051627766462197
25 36 0.7860144258894111
25 18 0.779848690909418
25 37 0.7657396741462781
25 38 0.7400312263760227
25 17 0.7211692470752952
25 39 0.7023420476687142
25 16 0.6621219115967047
25 40 0.6464571186743686
25 41 0.6206494170193018
25 15 0.6130278836147429
25 42 0.5866262263926856
25 14 0.5732810798148176
25 43 0.5462911007016542
25 13 0.5385403182707944
25 12 0.5088486290257567
25 44 0.5001243180611494
25 11 0.48483816891007553
25 10 0.4629089743168277
25 45 0.4567823659002297
25 7 0.4480070052461965
25 8 0.44749236611621845
25 6 0.4458912095679951
25 9 0.4433639699527861
25 5 0.43976635452257673
25 4 0.43220095830645816
25 3 0.42130182908689656
25 0 0.41338221318878193
25 2 0.4050618214086827
25 1 0.395331491851351
26 27 0.9960822427352789
26 25 0.9956476289016568
26 28 0.9872872332399454
26 24 0.9841399904275026
26 29 0.9742767646148351
26 23 0.962032248451104
26 30 0.9547237027559716
26 31 0.9322827965345419
26 22 0.9240530648274529
26 32 0.9064539725822225
26 33 0.8802084418345274
26 21 0.8689218218428274
26 34 0.8564460674646852
26 35 0.8355851134096548
26 20 0.8265470254510632
26 36 0.8171037081239851
26 37 0.7971419458097315
26 19 0.7913060945003374
26 38 0.7719398406421767
26 18 0.7482345618939263
26 39 0.7343458093003714
26 17 0.6932059184221687
26 40 0.6782741274858017
26 41 0.6524844597969486
26 16 0.639291535559356
26 42 0.6182839457822955
26 15 0.5956148461370132
26 43 0.5772716359264839
26 14 0.5610010581710698
26 13 0.5310782872478133
26 44 0.5303978776832561
26 12 0.5057957457556326
26 45 0.48589709697387934
26 11 0.4857221542434857
26 10 0.46706307342003156
26 7 0.4652158221050283
26 8 0.46439883882902355
26 6 0.4632082611142836
26 9 0.4595992449590256
26 5 0.45715887921980003
26 4 0.4495400892972175
26 0 0.4413571548221629
26 3 0.43846395604063737
26 2 0.4217214206403439
26 1 0.42132658991393607
27 28 0.9961372110753277
27 26 0.9960822427352789
27 29 0.987561535743229
27 25 0.9864382736644988
27 30 0.9717724612135464
27 24 0.9690612405543955
27 31 0.9520810895565526
27 23 0.9411426395389064
27 32 0.9283627938686327
27 33 0.9034060448555901
27 22 0.8977071779559658
27 34 0.8810441493382959
27 35 0.8610952154321367
27 36 0.843182420702767
27 21 0.8379796570924186
27 37 0.8238350255189144
27 38 0.7990474966940043
27 20 0.7934851910511677
27 39 0.7621359035979163
27 19 0.7580631028576579
27 18 0.7167476004544242
27 40 0.7063738130491637
27 41 0.6809084767854012
27 17 0.6652547498726438
27 42 0.6466594662036012
27 16 0.6164819379495858
27 43 0.6053078307568303
27 15 0.5780616993949214
27 44 0.557801728158549
27 14 0.5482249822553622
27 13 0.5229834316608366
27 45 0.5123662608370874
27 12 0.50188309851115
27 11 0.48552964006819493
27 7 0.4763281564863704
27 8 0.475176331103397
27 6 0.4744651222277986
27 10 0.4698880299271921
27 9 0.46985419122330335
27 5 0.4684032683942671
27 0 0.4668286898183225
27 4 0.46078417547031303
27 3 0.44945634156579833
27 1 0.444888980876179
27 2 0.43220864989208313
28 29 0.9961875313722532
28 27 0.9961372110753277
28 26 0.9872872332399454
28 30 0.9854450297166095
28 25 0.9722047187675884
28 31 0.9693884383971589
28 24 0.9500638842140565
28 32 0.9480312594652169
28 33 0.9247311587031133
28 23 0.9171433186585756
28 34 0.9032047370762626
28 35 0.8841088828022401
28 22 0.8686892023962545
28 36 0.8668281437437131
28 37 0.8480911915175541
28 38 0.8240308145143633
28 21 0.8050145658477019
28 39 0.7880470460243513
28 20 0.7589598073037604
28 40 0.7330279038152951
28 19 0.7236688731465899
28 41 0.707926245776856
28 18 0.684446172109191
28 42 0.673699928243134
28 17 0.6368848372391125
28 43 0.6319556785603165
28 16 0.5935199887334272
28 44 0.5839015921586427
28 15 0.5607665722246902
28 45 0.5374104417270903
28 14 0.5358288372485053
28 13 0.5152755901039401
28 12 0.49844301957078724
28 0 0.49078097694852435
28 11 0.48594945534358575
28 7 0.4809867929626863
28 8 0.47959933192594917
28 6 0.479304508873995
28 9 0.4739377885021761
28 10 0.47340052007833616
28 5 0.4733811432521116
28 1 0.46741549884073286
28 4 0.46585183602622104
28 3 0.45440510168332815
28 2 0.44761656129357075
29 28 0.9961875313722532
29 30 0.9951539521425561
29 27 0.987561535743229
29 31 0.9839031003253114
29 26 0.9742767646148351
29 32 0.9666960838275175
29 25 0.9550990298442306
29 33 0.9458787268223284
29 24 0.9287245272852996
29 34 0.9256550144776317
29 35 0.9076618858545126
29 23 0.8919168485839203
29 36 0.8907989727612986
29 37 0.8725695665778674
29 38 0.8492762666618487
29 22 0.8392443924663187
29 39 0.8143482493322036
29 21 0.7730644637013865
29 40 0.7605472846444665
29 41 0.7363595020028236
29 20 0.7263574216767443
29 42 0.7027510374196513
29 19 0.6916282395679569
29 43 0.6610319332491312
29 18 0.6550526310026543
29 44 0.612646095077108
29 17 0.6122869785692737
29 16 0.5747724850084261
29 45 0.5652302876897706
29 15 0.5475831339226042
29 14 0.5276549446903785
29 0 0.5174565492973877
29 13 0.5116497455116494
29 12 0.4989444670987825
29 1 0.49288342393465057
29 11 0.4900043141913841
29 10 0.4804456081660771
29 7 0.4775003962661647
29 8 0.4761488729895305
29 6 0.4757283941864328
29 2 0.4715402560666828
29 9 0.470515604128152
29 5 0.4697787346752716
29 4 0.4621173973854685
29 3 0.4610337215100853
30 31 0.995540302160765
30 29 0.9951539521425561
30 28 0.9854450297166095
30 32 0.984077089130825
30 27 0.9717724612135464
30 33 0.9672690754683644
30 26 0.9547237027559716
30 34 0.9489082091046039
30 25 0.9320314176757989
30 35 0.9317367996686907
30 36 0.9149903180911967
30 24 0.9020769782239297
30 37 0.8969706231100483
30 38 0.8742182866511983
30 23 0.8617484964968002
30 39 0.8405510690328861
30 22 0.8058928002813239
30 40 0.7882751197322504
30 41 0.7654585925231586
30 21 0.7376999205930793
30 42 0.7327916130814022
30 43 0.6913897969824623
30 20 0.6904897120528459
30 19 0.6567198303940647
30 44 0.6428464355076872
30 18 0.6234695583564567
30 45 0.5946172735766979
30 17 0.5864381962553041
30 16 0.5557825458671986
30 0 0.5456930685978555
30 15 0.5351324010701458
30 14 0.5209611814164516
30 1 0.5204978166007925
30 13 0.5097330977407617
30 12 0.5014421033322827
30 2 0.4978193464001936
30 11 0.4961091540160205
30 10 0.4895327904417381
30 3 0.48578715968658503
30 9 0.48228057612574154
30 4 0.4790523031779653
30 8 0.47772458415884095
30 5 0.4764733894032036
30 7 0.47539893744857026
30 6 0.47456832730231646
31 30 0.995540302160765
31 32 0.9950354206691344
31 29 0.9839031003253114
31 33 0.983613238124269
31 28 0.9693884383971589
31 34 0.9683587342653581
31 35 0.9526928330449227
31 27 0.9520810895565526
31 36 0.9366060595796122
31 26 0.9322827965345419
31 37 0.9192746056021821
31 25 0.9069664778765911
31 38 0.897505954950526
31 24 0.8745226162442126
31 39 0.8657015908811252
31 23 0.8314252807354603
31 40 0.8158301231349014
31 41 0.7946277771618004
31 22 0.7735432161947564
31 42 0.7631030414802515
31 43 0.7221438391146255
31 21 0.7045775323555656
31 44 0.6734833636682864
31 20 0.6575892213502512
31 19 0.6250922766945379
31 45 0.6244797010340587
31 18 0.5953545010039566
31 0 0.574380781022688
31 17 0.5641427146789098
31 1 0.5486716696636175
31 16 0.5403494008208855
31 15 0.5263220441400873
31 2 0.5249789173818382
31 14 0.5175424269921265
31 3 0.5116692863717323
31 13 0.5109690857817083
31 12 0.5068107755502921
31 11 0.5047890239857372
31 4 0.5033365795079037
31 10 0.5009845212815064
31 5 0.49911613421458806
31 9 0.4965577629612066
31 6 0.4953785695695716
31 8 0.4944105402807202
31 7 0.4941545682548994
32 33 0.9952158094260382
32 31 0.9950354206691344
32 34 0.984838768273534
32 30 0.984077089130825
32 35 0.9718061165843173
32 29 0.9666960838275175
32 36 0.9570765793327307
32 28 0.9480312594652169
32 37 0.9405133125838235
32 27 0.9283627938686327
32 38 0.9201621311577524
32 26 0.9064539725822225
32 39 0.890654299886698
32 25 0.8792001043545856
32 24 0.8450307264440928
32 40 0.8437764564017358
32 41 0.8238229091688966
32 23 0.7999858943580552
32 42 0.7929786053142169
32 43 0.752065346868134
32 22 0.7407848322013415
32 44 0.7027675965867191
32 21 0.6720493855298816
32 45 0.6524182194501236
32 20 0.6258015172745832
32 0 0.6007830102201775
32 19 0.5945127938434459
32 1 0.5750142610692301
32 18 0.5682121931597011
32 2 0.5505687757616429
32 17 0.5426368133691913
32 3 0.5360071332493187
32 4 0.5261998435862774
32 16 0.5255837703994994
32 5 0.5203645814505857
32 15 0.5182841014487912
32 6 0.5149941677815717
32 14 0.5147693208444736
32 11 0.5133812003424367
32 13 0.5124650479054511
32 12 0.5121545622148435
32 10 0.5120916847969761
32 7 0.511827896301325
32 8 0.510244791454167
32 9 0.5102403804117818
33 34 0.9956681632024658
33 32 0.9952158094260382
33 35 0.9869188869256428
33 31 0.983613238124269
33 36 0.9747288221157888
33 30 0.9672690754683644
33 37 0.9598603357682762
33 29 0.9458787268223284
33 38 0.9410475226619355
33 28 0.9247311587031133
33 39 0.9138501893257766
33 27 0.9034060448555901
33 26 0.8802084418345274
33 40 0.8702479641619332
33 41 0.8520888289328153
33 25 0.8516644932910761
33 42 0.8224355936869282
33 24 0.8161444568666736
33 43 0.782090007477471
33 23 0.7697801703194596
33 44 0.7327110139697544
33 22 0.7097444800720232
33 45 0.6815182333641102
33 21 0.6415329128746796
33 0 0.6286721401616956
33 1 0.6026429719359896
33 20 0.5962573992073616
33 2 0.5773623389268557
33 19 0.566611982043228
33 3 0.561536726750144
33 4 0.5503500934092651
33 18 0.543878391739637
33 5 0.5430663062972922
33 6 0.5360278321891225
33 7 0.5310352056328852
33 8 0.5276778102402299
33 9 0.5255789905139104
33 10 0.5250109223758891
33 17 0.5241652468088038
33 11 0.5238061781182012
33 12 0.5195528588319938
33 13 0.5161393571531085
33 14 0.5143663962617858
33 16 0.5137952869100763
33 15 0.5130932035917422
34 35 0.9962138994911822
34 33 0.9956681632024658
34 36 0.9878966279417478
34 32 0.984838768273534
34 37 0.975832734515655
34 31 0.9683587342653581
34 38 0.9591808996321334
34 30 0.9489082091046039
34 39 0.9345317320601267
34 29 0.9256550144776317
34 28 0.9032047370762626
34 40 0.8944888981831302
34 27 0.8810441493382959
34 41 0.8774890171780902
34 26 0.8564460674646852
34 42 0.848419343653275
34 25 0.8271014435375499
34 43 0.808043014248023
34 24 0.7906879978413741
34 44 0.7580945115241657
34 23 0.7431905344841995
34 45 0.7056461023527302
34 22 0.6827405732963331
34 0 0.6513829667340991
34 1 0.6252236603648382
34 21 0.6149180265483571
34 2 0.5992508705940383
34 3 0.5823308407839374
34 20 0.5704721565784026
34 4 0.5699605317568912
34 5 0.5613064762972073
34 6 0.5527478056758075
34 7 0.5462066045164817
34 19 0.5420256168295319
34 8 0.5411822812561481
34 9 0.5372696469915487
34 10 0.5344107960872959
34 11 0.5309443316128688
34 12 0.5239336291299499
34 18 0.5222083989966111
34 13 0.5173982802390702
34 14 0.5122797128795722
34 17 0.5075015299816079
34 15 0.5070790993314492
34 16 0.5025551351368931
35 36 0.996393290547956
35 34 0.9962138994911822
35 37 0.9882839807520007
35 33 0.9869188869256428
35 38 0.9750127041171848
35 32 0.9718061165843173
35 39 0.9536778980007963
35 31 0.9526928330449227
35 30 0.9317367996686907
35 40 0.9171130677589325
35 29 0.9076618858545126
35 41 0.9013623087644289
35 28 0.8841088828022401
35 42 0.8730684492834437
35 27 0.8610952154321367
35 26 0.8355851134096548
35 43 0.8328750974794763
35 25 0.8051627766462197
35 44 0.782566984757814
35 24 0.7675581480918171
35 45 0.7290671626278701
35 23 0.7190208867830545
35 0 0.6735322494344322
35 22 0.6576909813750955
35 1 0.6467315870948905
35 2 0.6198178119812171
35 3 0.6016307205434386
35 21 0.5901525161485088
35 4 0.5880591424052352
35 5 0.5780080547051782
35 6 0.5680966061016606
35 7 0.5600696044308364
35 8 0.5534422502196132
35 9 0.5479309659520317
35 20 0.5466532578090657
35 10 0.5429176904692741
35 11 0.5373148858925147
35 12 0.5279361321638139
35 19 0.5196037000328539
35 13 0.5188784962630523
35 14 0.5105500698543215
35 18 0.5027632241563602
35 15 0.501910389066862
35 17 0.4929154256662607
35 16 0.49287822008051274
36 37 0.9964080166567957
36 35 0.996393290547956
36 34 0.9878966279417478
36 38 0.987622502878593
36 33 0.9747288221157888
36 39 0.9701854717883514
36 32 0.9570765793327307
36 40 0.9371074209842716
36 31 0.9366060595796122
36 41 0.9219330649612374
36 30 0.9149903180911967
