0 45 0.9942649965349348
0 1 0.9939751750062102
0 2 0.9807323280921332
0 44 0.9770185371606759
0 3 0.9671461631130405
0 4 0.953447682922921
0 43 0.9448782365447634
0 5 0.9398831856420669
0 6 0.9253599767798958
0 7 0.9100730863194106
0 42 0.898888018561534
0 8 0.8931434067049265
0 9 0.8741305620294573
0 10 0.8515281404521888
0 41 0.841560944163773
0 11 0.8258782681270185
0 12 0.7934495620848598
0 40 0.7803386871350104
0 13 0.7545084831825074
0 39 0.7512387405013013
1 2 0.9951748202113193
1 0 0.9939751750062102
1 3 0.9869995728279797
1 45 0.9857657913789224
1 4 0.977103158060467
1 5 0.9664223083042001
1 44 0.9657940119469413
1 6 0.9544548125329869
1 7 0.9413310468145393
1 43 0.9312522310080187
1 8 0.9262123122215029
1 9 0.9087953576693091
1 10 0.887264810373227
1 42 0.8830020719555662
1 11 0.8626263858348497
1 12 0.8307733110089373
1 41 0.8239121931056932
1 13 0.7920139117633961
1 40 0.7615974856753397
1 14 0.7410295049424565
2 3 0.997057756286545
2 1 0.9951748202113193
2 4 0.9913890130494353
2 5 0.9839012798559937
2 0 0.9807323280921332
2 6 0.9748711099431845
2 45 0.9704179558780313
2 7 0.964198341563042
2 8 0.9511115291364852
2 44 0.9482823362164359
2 9 0.9356391155126765
2 10 0.9157373885406013
2 43 0.9119957197135158
2 11 0.8924769867784834
2 42 0.862405036292599
2 12 0.8618426952981917
2 13 0.8239130278131789
2 41 0.8024892320666286
2 14 0.7733251047038139
2 40 0.7400401950436344
3 4 0.9976422253105794
3 2 0.997057756286545
3 5 0.993133181074693
3 1 0.9869995728279797
3 6 0.9866048466368584
3 7 0.978141461177054
3 0 0.9671461631130405
3 8 0.9669877158173369
3 45 0.9553654789456933
3 9 0.9534757270179659
3 10 0.9352294191366625
3 44 0.9317853079032308
3 11 0.9134049248090235
3 43 0.8945393699397285
3 12 0.8844440172923631
3 13 0.8477993767812699
3 42 0.8442636431360899
3 14 0.7985012361305105
3 41 0.7841585034358568
3 15 0.7359538377597501
4 5 0.9979812667009518
4 3 0.9976422253105794
4 6 0.9938115138298691
4 2 0.9913890130494353
4 7 0.9875032674503808
4 8 0.978238873722747
4 1 0.977103158060467
4 9 0.9663969460402414
4 0 0.953447682922921
4 10 0.9500231608334152
4 45 0.940822873901775
4 11 0.9300210806268558
4 44 0.9164167930301383
4 12 0.9030906407653192
4 43 0.8787975429106982
4 13 0.8681568534149684
4 42 0.8283817941223752
4 14 0.8207416417279432
4 41 0.7686271203251398
4 15 0.7594881835575755
5 4 0.9979812667009518
5 6 0.9979727537776297
5 7 0.9938838568596404
5 3 0.993133181074693
5 8 0.9868093910366527
5 2 0.9839012798559937
5 9 0.977008707636158
5 1 0.9664223083042001
5 10 0.9627858755139087
5 11 0.9447482191045532
5 0 0.9398831856420669
5 45 0.9266909023808358
5 12 0.9199568692645477
5 44 0.9018518553928383
5 13 0.8871917158504219
5 43 0.8642276778268729
5 14 0.8418040571857683
5 42 0.8140435262731142
5 15 0.7824608210448353
5 41 0.7548249574228154
6 5 0.9979727537776297
6 7 0.9978775588714277
6 4 0.9938115138298691
6 8 0.9932133358762425
6 3 0.9866048466368584
6 9 0.9856398638670134
6 2 0.9748711099431845
6 10 0.973688687865385
6 11 0.9579069941088115
6 1 0.9544548125329869
6 12 0.9356344569249782
6 0 0.9253599767798958
6 45 0.9118136538912762
6 13 0.905173456431968
6 44 0.8866997584857417
6 14 0.8621339433290172
6 43 0.8493461113192141
6 15 0.805124547514201
6 42 0.7995989018888052
6 41 0.7411621852165333
7 6 0.9978775588714277
7 8 0.9976381222188044
7 5 0.9938838568596404
7 9 0.9926321163479706
7 4 0.9875032674503808
7 10 0.983223932697551
7 3 0.978141461177054
7 11 0.969860637613647
7 2 0.964198341563042
7 12 0.9501709215801629
7 1 0.9413310468145393
7 13 0.9223431300772156
7 0 0.9100730863194106
7 45 0.8963414512123373
7 14 0.8828202704167889
7 44 0.8712074932767551
7 43 0.8341797609962753
7 15 0.8287187023393323
7 42 0.7850030771592162
7 16 0.7530199915610519
8 7 0.9976381222188044
8 9 0.9975806736122115
8 6 0.9932133358762425
8 10 0.9914723227168182
8 5 0.9868093910366527
8 11 0.9810940541405736
8 4 0.978238873722747
8 3 0.9669877158173369
8 12 0.9645711997745419
8 2 0.9511115291364852
8 13 0.9401307709819662
8 1 0.9262123122215029
8 14 0.9040981187793709
8 0 0.8931434067049265
8 45 0.8794383071073698
8 44 0.8545530147087224
8 15 0.8534077056811193
8 43 0.8182551532501549
8 16 0.7813248060910813
8 42 0.7699752834332718
9 8 0.9975806736122115
9 10 0.9969581161293679
9 7 0.9926321163479706
9 11 0.9898387263457517
9 6 0.9856398638670134
9 12 0.977057548668981
9 5 0.977008707636158
9 4 0.9663969460402414
9 13 0.9563784862575991
9 3 0.9534757270179659
9 2 0.9356391155126765
9 14 0.9244396579584674
9 1 0.9087953576693091
9 15 0.8779360913175462
9 0 0.8741305620294573
9 45 0.8609399826842924
9 44 0.8367839790453846
9 16 0.8098087493648269
9 43 0.8018181983034554
9 42 0.7549336548325396
10 9 0.9969581161293679
10 11 0.9967915153112936
10 8 0.9914723227168182
10 12 0.9881829251599821
10 7 0.983223932697551
10 6 0.973688687865385
10 13 0.9721432132369952
10 5 0.9627858755139087
10 4 0.9500231608334152
10 14 0.94500297122741
10 3 0.9352294191366625
10 2 0.9157373885406013
10 15 0.9037921201676391
10 1 0.887264810373227
10 0 0.8515281404521888
10 16 0.840676080953122
10 45 0.8389556019876474
10 44 0.8156470752604608
10 43 0.782124972985788
10 17 0.7558231840718586
11 10 0.9967915153112936
11 12 0.9958619740363837
11 9 0.9898387263457517
11 13 0.9849639629986902
11 8 0.9810940541405736
11 7 0.969860637613647
11 14 0.9633628957113716
11 6 0.9579069941088115
11 5 0.9447482191045532
11 4 0.9300210806268558
11 15 0.9278749786438765
11 3 0.9134049248090235
11 2 0.8924769867784834
11 16 0.8707046322300389
11 1 0.8626263858348497
11 0 0.8258782681270185
11 45 0.8143410752792678
11 44 0.7923154923734032
11 17 0.7911641714692779
11 43 0.7607485250397634
12 11 0.9958619740363837
12 13 0.9949387652134091
12 10 0.9881829251599821
12 14 0.9803478895615048
12 9 0.977057548668981
12 8 0.9645711997745419
12 15 0.9516650626500662
12 7 0.9501709215801629
12 6 0.9356344569249782
12 5 0.9199568692645477
12 4 0.9030906407653192
12 16 0.902136511198445
12 3 0.8844440172923631
12 2 0.8618426952981917
12 1 0.8307733110089373
12 17 0.8287988485398281
12 0 0.7934495620848598
12 45 0.7828405091039122
12 44 0.7618542494340786
12 18 0.7432961819836296
13 12 0.9949387652134091
13 14 0.9932169225188174
13 11 0.9849639629986902
13 15 0.9737386351421058
13 10 0.9721432132369952
13 9 0.9563784862575991
13 8 0.9401307709819662
13 16 0.9334502697345755
13 7 0.9223431300772156
13 6 0.905173456431968
13 5 0.8871917158504219
13 17 0.8688812309485485
13 4 0.8681568534149684
13 3 0.8477993767812699
13 2 0.8239130278131789
13 1 0.7920139117633961
13 18 0.78958852278987
13 0 0.7545084831825074
13 45 0.7454061596146718
13 44 0.7262426668549649
14 13 0.9932169225188174
14 15 0.9913065765271436
14 12 0.9803478895615048
14 16 0.9635822319773517
14 11 0.9633628957113716
14 10 0.94500297122741
14 9 0.9244396579584674
14 17 0.9107881783022671
14 8 0.9040981187793709
14 7 0.8828202704167889
14 6 0.8621339433290172
14 5 0.8418040571857683
14 18 0.8397610438553785
14 4 0.8207416417279432
14 3 0.7985012361305105
14 2 0.7733251047038139
14 19 0.7697889302022463
14 1 0.7410295049424565
14 20 0.7130873139306264
14 0 0.7036955244804508
15 14 0.9913065765271436
15 16 0.9874809525897099
15 13 0.9737386351421058
15 12 0.9516650626500662
15 17 0.9498778352950401
15 11 0.9278749786438765
15 10 0.9037921201676391
15 18 0.8902068585156355
15 9 0.8779360913175462
15 8 0.8534077056811193
15 7 0.8287187023393323
15 19 0.8265659886479071
15 6 0.805124547514201
15 5 0.7824608210448353
15 20 0.7725496452639506
15 4 0.7594881835575755
15 3 0.7359538377597501
15 21 0.7329431448823076
15 2 0.710048080021971
15 22 0.68800568554789
16 15 0.9874809525897099
16 17 0.9839052801785617
16 14 0.9635822319773517
16 18 0.9416802650774072
16 13 0.9334502697345755
16 12 0.902136511198445
16 19 0.8879917197647815
16 11 0.8707046322300389
16 10 0.840676080953122
16 20 0.8390401307087982
16 9 0.8098087493648269
16 21 0.8006985485088164
16 8 0.7813248060910813
16 22 0.7537844744033493
16 7 0.7530199915610519
16 6 0.7266172848235743
16 23 0.7171586042787086
16 5 0.7018030529520423
16 24 0.6887072842427329
16 4 0.6772464123418478
17 16 0.9839052801785617
17 18 0.9824984917672748
17 15 0.9498778352950401
17 19 0.9457929977183017
17 14 0.9107881783022671
17 20 0.9064797431269647
17 21 0.8719911721614773
17 13 0.8688812309485485
17 12 0.8287988485398281
17 22 0.8257403941158129
17 11 0.7911641714692779
17 23 0.7859199632471972
17 10 0.7558231840718586
17 24 0.7526111172374784
17 25 0.7211692470752952
17 9 0.7203332620915119
17 26 0.6932059184221687
17 8 0.6886442364778385
17 27 0.6652547498726438
17 7 0.6577569604629783
18 19 0.9860709588717085
18 17 0.9824984917672748
18 20 0.9606277926519415
18 16 0.9416802650774072
18 21 0.932728165539104
18 22 0.8903961458605087
18 15 0.8902068585156355
18 23 0.850152325028374
18 14 0.8397610438553785
18 24 0.8143522989458014
18 13 0.78958852278987
18 25 0.779848690909418
18 26 0.7482345618939263
18 12 0.7432961819836296
18 27 0.7167476004544242
18 11 0.7010878412413317
18 28 0.684446172109191
18 10 0.662929783751493
18 29 0.6550526310026543
18 9 0.6248907389111864
19 20 0.9911868093165039
19 18 0.9860709588717085
19 21 0.9714316858445989
19 17 0.9457929977183017
19 22 0.9348192008032555
19 23 0.8964716873673333
19 16 0.8879917197647815
19 24 0.8603828001174492
19 15 0.8265659886479071
19 25 0.8247357442025489
19 26 0.7913060945003374
19 14 0.7697889302022463
19 27 0.7580631028576579
19 28 0.7236688731465899
19 13 0.7156894179849043
19 29 0.6916282395679569
19 12 0.6664396873682934
19 30 0.6567198303940647
19 31 0.6250922766945379
19 11 0.6226159452344514
20 19 0.9911868093165039
20 21 0.9911524836767593
20 22 0.9628772740528616
20 18 0.9606277926519415
20 23 0.9286250551925301
20 17 0.9064797431269647
20 24 0.8943177052693014
20 25 0.8597140382835595
20 16 0.8390401307087982
20 26 0.8265470254510632
20 27 0.7934851910511677
20 15 0.7725496452639506
20 28 0.7589598073037604
20 29 0.7263574216767443
20 14 0.7130873139306264
20 30 0.6904897120528459
20 31 0.6575892213502512
20 13 0.6575721215178167
20 32 0.6258015172745832
20 12 0.6078789720360991
21 20 0.9911524836767593
21 22 0.9861694594275578
21 19 0.9714316858445989
21 23 0.9599660694359862
21 18 0.932728165539104
21 24 0.9306363776791888
21 25 0.8995998918917469
21 17 0.8719911721614773
21 26 0.8689218218428274
21 27 0.8379796570924186
21 28 0.8050145658477019
21 16 0.8006985485088164
21 29 0.7730644637013865
21 30 0.7376999205930793
21 15 0.7329431448823076
21 31 0.7045775323555656
21 14 0.6736316378358087
21 32 0.6720493855298816
21 33 0.6415329128746796
21 13 0.6187116788251164
22 23 0.9901830979613282
22 21 0.9861694594275578
22 24 0.9720230683179671
22 20 0.9628772740528616
22 25 0.9488645887063841
22 19 0.9348192008032555
22 26 0.9240530648274529
22 27 0.8977071779559658
22 18 0.8903961458605087
22 28 0.8686892023962545
22 29 0.8392443924663187
22 17 0.8257403941158129
22 30 0.8058928002813239
22 31 0.7735432161947564
22 16 0.7537844744033493
22 32 0.7407848322013415
22 33 0.7097444800720232
22 15 0.68800568554789
22 34 0.6827405732963331
22 35 0.6576909813750955
23 24 0.9933295532777133
23 22 0.9901830979613282
23 25 0.979690948090784
23 26 0.962032248451104
23 21 0.9599660694359862
23 27 0.9411426395389064
23 20 0.9286250551925301
23 28 0.9171433186585756
23 19 0.8964716873673333
23 29 0.8919168485839203
23 30 0.8617484964968002
23 18 0.850152325028374
23 31 0.8314252807354603
23 32 0.7999858943580552
23 17 0.7859199632471972
23 33 0.7697801703194596
23 34 0.7431905344841995
23 35 0.7190208867830545
23 16 0.7171586042787086
23 36 0.6987939850210276
24 25 0.9947402685835094
24 23 0.9933295532777133
24 26 0.9841399904275026
24 22 0.9720230683179671
24 27 0.9690612405543955
24 28 0.9500638842140565
24 21 0.9306363776791888
24 29 0.9287245272852996
24 30 0.9020769782239297
24 20 0.8943177052693014
24 31 0.8745226162442126
24 19 0.8603828001174492
24 32 0.8450307264440928
24 33 0.8161444568666736
24 18 0.8143522989458014
24 34 0.7906879978413741
24 35 0.7675581480918171
24 17 0.7526111172374784
24 36 0.747852303135714
24 37 0.7272301403745164
25 26 0.9956476289016568
25 24 0.9947402685835094
25 27 0.9864382736644988
25 23 0.979690948090784
25 28 0.9722047187675884
25 29 0.9550990298442306
25 22 0.9488645887063841
25 30 0.9320314176757989
25 31 0.9069664778765911
25 21 0.8995998918917469
25 32 0.8792001043545856
25 20 0.8597140382835595
25 33 0.8516644932910761
25 34 0.8271014435375499
25 19 0.8247357442025489
25 35 0.8051627766462197
25 36 0.7860144258894111
25 18 0.779848690909418
25 37 0.7657396741462781
25 38 0.7400312263760227
26 27 0.9960822427352789
26 25 0.9956476289016568
26 28 0.9872872332399454
26 24 0.9841399904275026
26 29 0.9742767646148351
26 23 0.962032248451104
26 30 0.9547237027559716
26 31 0.9322827965345419
26 22 0.9240530648274529
26 32 0.9064539725822225
26 33 0.8802084418345274
26 21 0.8689218218428274
26 34 0.8564460674646852
26 35 0.8355851134096548
26 20 0.8265470254510632
26 36 0.8171037081239851
26 37 0.7971419458097315
26 19 0.7913060945003374
26 38 0.7719398406421767
26 18 0.7482345618939263
27 28 0.9961372110753277
27 26 0.9960822427352789
27 29 0.987561535743229
27 25 0.9864382736644988
27 30 0.9717724612135464
27 24 0.9690612405543955
27 31 0.9520810895565526
27 23 0.9411426395389064
27 32 0.9283627938686327
27 33 0.9034060448555901
27 22 0.8977071779559658
27 34 0.8810441493382959
27 35 0.8610952154321367
27 36 0.843182420702767
27 21 0.8379796570924186
27 37 0.8238350255189144
27 38 0.7990474966940043
27 20 0.7934851910511677
27 39 0.7621359035979163
27 19 0.7580631028576579
28 29 0.9961875313722532
28 27 0.9961372110753277
28 26 0.9872872332399454
28 30 0.9854450297166095
28 25 0.9722047187675884
28 31 0.9693884383971589
28 24 0.9500638842140565
28 32 0.9480312594652169
28 33 0.9247311587031133
28 23 0.9171433186585756
28 34 0.9032047370762626
28 35 0.8841088828022401
28 22 0.8686892023962545
28 36 0.8668281437437131
28 37 0.8480911915175541
28 38 0.8240308145143633
28 21 0.8050145658477019
28 39 0.7880470460243513
28 20 0.7589598073037604
28 40 0.7330279038152951
29 28 0.9961875313722532
29 30 0.9951539521425561
29 27 0.987561535743229
29 31 0.9839031003253114
29 26 0.9742767646148351
29 32 0.9666960838275175
29 25 0.9550990298442306
29 33 0.9458787268223284
29 24 0.9287245272852996
29 34 0.9256550144776317
29 35 0.9076618858545126
29 23 0.8919168485839203
29 36 0.8907989727612986
29 37 0.8725695665778674
29 38 0.8492762666618487
29 22 0.8392443924663187
29 39 0.8143482493322036
29 21 0.7730644637013865
29 40 0.7605472846444665
29 41 0.7363595020028236
30 31 0.995540302160765
30 29 0.9951539521425561
30 28 0.9854450297166095
30 32 0.984077089130825
30 27 0.9717724612135464
30 33 0.9672690754683644
30 26 0.9547237027559716
30 34 0.9489082091046039
30 25 0.9320314176757989
30 35 0.9317367996686907
30 36 0.9149903180911967
30 24 0.9020769782239297
30 37 0.8969706231100483
30 38 0.8742182866511983
30 23 0.8617484964968002
30 39 0.8405510690328861
30 22 0.8058928002813239
30 40 0.7882751197322504
30 41 0.7654585925231586
30 21 0.7376999205930793
31 30 0.995540302160765
31 32 0.9950354206691344
31 29 0.9839031003253114
31 33 0.983613238124269
31 28 0.9693884383971589
31 34 0.9683587342653581
31 35 0.9526928330449227
31 27 0.9520810895565526
31 36 0.9366060595796122
31 26 0.9322827965345419
31 37 0.9192746056021821
31 25 0.9069664778765911
31 38 0.897505954950526
31 24 0.8745226162442126
31 39 0.8657015908811252
31 23 0.8314252807354603
31 40 0.8158301231349014
31 41 0.7946277771618004
31 22 0.7735432161947564
31 42 0.7631030414802515
32 33 0.9952158094260382
32 31 0.9950354206691344
32 34 0.984838768273534
32 30 0.984077089130825
32 35 0.9718061165843173
32 29 0.9666960838275175
32 36 0.9570765793327307
32 28 0.9480312594652169
32 37 0.9405133125838235
32 27 0.9283627938686327
32 38 0.9201621311577524
32 26 0.9064539725822225
32 39 0.890654299886698
32 25 0.8792001043545856
32 24 0.8450307264440928
32 40 0.8437764564017358
32 41 0.8238229091688966
32 23 0.7999858943580552
32 42 0.7929786053142169
32 43 0.752065346868134
33 34 0.9956681632024658
33 32 0.9952158094260382
33 35 0.9869188869256428
33 31 0.983613238124269
33 36 0.9747288221157888
33 30 0.9672690754683644
33 37 0.9598603357682762
33 29 0.9458787268223284
33 38 0.9410475226619355
33 28 0.9247311587031133
33 39 0.9138501893257766
33 27 0.9034060448555901
33 26 0.8802084418345274
33 40 0.8702479641619332
33 41 0.8520888289328153
33 25 0.8516644932910761
33 42 0.8224355936869282
33 24 0.8161444568666736
33 43 0.782090007477471
33 23 0.7697801703194596
34 35 0.9962138994911822
34 33 0.9956681632024658
34 36 0.9878966279417478
34 32 0.984838768273534
34 37 0.975832734515655
34 31 0.9683587342653581
34 38 0.9591808996321334
34 30 0.9489082091046039
34 39 0.9345317320601267
34 29 0.9256550144776317
34 28 0.9032047370762626
34 40 0.8944888981831302
34 27 0.8810441493382959
34 41 0.8774890171780902
34 26 0.8564460674646852
34 42 0.848419343653275
34 25 0.8271014435375499
34 43 0.808043014248023
34 24 0.7906879978413741
34 44 0.7580945115241657
35 36 0.996393290547956
35 34 0.9962138994911822
35 37 0.9882839807520007
35 33 0.9869188869256428
35 38 0.9750127041171848
35 32 0.9718061165843173
35 39 0.9536778980007963
35 31 0.9526928330449227
35 30 0.9317367996686907
35 40 0.9171130677589325
35 29 0.9076618858545126
35 41 0.9013623087644289
35 28 0.8841088828022401
35 42 0.8730684492834437
35 27 0.8610952154321367
35 26 0.8355851134096548
35 43 0.8328750974794763
35 25 0.8051627766462197
35 44 0.782566984757814
35 24 0.7675581480918171
36 37 0.9964080166567957
36 35 0.996393290547956
36 34 0.9878966279417478
36 38 0.987622502878593
36 33 0.9747288221157888
36 39 0.9701854717883514
36 32 0.9570765793327307
36 40 0.9371074209842716
36 31 0.9366060595796122
36 41 0.9219330649612374
36 30 0.9149903180911967
36 42 0.8937693215106923
36 29 0.8907989727612986
36 28 0.8668281437437131
36 43 0.8531794996171769
36 27 0.843182420702767
36 26 0.8171037081239851
36 44 0.802050981855065
36 25 0.7860144258894111
36 24 0.747852303135714
37 36 0.9964080166567957
37 38 0.9959291992616415
37 35 0.9882839807520007
37 39 0.9836518598030743
37 34 0.975832734515655
37 33 0.9598603357682762
37 40 0.954923842335963
37 41 0.940544241468269
37 32 0.9405133125838235
37 31 0.9192746056021821
37 42 0.9129896700671227
37 30 0.8969706231100483
37 29 0.8725695665778674
37 43 0.8724233999888409
37 28 0.8480911915175541
37 27 0.8238350255189144
37 44 0.8209656449922952
37 26 0.7971419458097315
37 25 0.7657396741462781
37 45 0.7652836614861114
38 37 0.9959291992616415
38 39 0.9941874035864553
38 36 0.987622502878593
38 35 0.9750127041171848
38 40 0.9724969761581604
38 41 0.9595828772723355
38 34 0.9591808996321334
38 33 0.9410475226619355
38 42 0.9331429555830354
38 32 0.9201621311577524
38 31 0.897505954950526
38 43 0.8931435908103487
38 30 0.8742182866511983
38 29 0.8492762666618487
38 44 0.8417646265283041
38 28 0.8240308145143633
38 27 0.7990474966940043
38 45 0.7856108218936311
38 26 0.7719398406421767
38 25 0.7400312263760227
39 38 0.9941874035864553
39 40 0.9897384200011405
39 37 0.9836518598030743
39 41 0.9792542793319245
39 36 0.9701854717883514
39 42 0.9549000504939068
39 35 0.9536778980007963
39 34 0.9345317320601267
39 43 0.9165354484206578
39 33 0.9138501893257766
39 32 0.890654299886698
39 44 0.866150132449122
39 31 0.8657015908811252
39 30 0.8405510690328861
39 29 0.8143482493322036
39 45 0.8102993837122123
39 28 0.7880470460243513
39 27 0.7621359035979163
39 0 0.7512387405013013
39 26 0.7343458093003714
40 41 0.9935646171702999
40 39 0.9897384200011405
40 42 0.9733411726603297
40 38 0.9724969761581604
40 37 0.954923842335963
40 43 0.9387876311567654
40 36 0.9371074209842716
40 35 0.9171130677589325
40 34 0.8944888981831302
40 44 0.8915343251041874
40 33 0.8702479641619332
40 32 0.8437764564017358
40 45 0.837975155724599
40 31 0.8158301231349014
40 30 0.7882751197322504
40 0 0.7803386871350104
40 1 0.7615974856753397
40 29 0.7605472846444665
40 2 0.7400401950436344
40 28 0.7330279038152951
41 40 0.9935646171702999
41 42 0.9924331870429537
41 39 0.9792542793319245
41 43 0.9704851079433262
41 38 0.9595828772723355
41 37 0.940544241468269
41 44 0.9349375158072579
41 36 0.9219330649612374
41 35 0.9013623087644289
41 45 0.8909990236018069
41 34 0.8774890171780902
41 33 0.8520888289328153
41 0 0.841560944163773
41 1 0.8239121931056932
41 32 0.8238229091688966
41 2 0.8024892320666286
41 31 0.7946277771618004
41 3 0.7841585034358568
41 4 0.7686271203251398
41 30 0.7654585925231586
42 41 0.9924331870429537
42 43 0.9920106476397936
42 40 0.9733411726603297
42 44 0.9704897175085501
42 39 0.9549000504939068
42 45 0.9384104422310682
42 38 0.9331429555830354
42 37 0.9129896700671227
42 0 0.898888018561534
42 36 0.8937693215106923
42 1 0.8830020719555662
42 35 0.8730684492834437
42 2 0.862405036292599
42 34 0.848419343653275
42 3 0.8442636431360899
42 4 0.8283817941223752
42 33 0.8224355936869282
42 5 0.8140435262731142
42 6 0.7995989018888052
42 32 0.7929786053142169
43 44 0.9922423680335393
43 42 0.9920106476397936
43 45 0.9731589171443711
43 41 0.9704851079433262
43 0 0.9448782365447634
43 40 0.9387876311567654
43 1 0.9312522310080187
43 39 0.9165354484206578
43 2 0.9119957197135158
43 3 0.8945393699397285
43 38 0.8931435908103487
43 4 0.8787975429106982
43 37 0.8724233999888409
43 5 0.8642276778268729
43 36 0.8531794996171769
43 6 0.8493461113192141
43 7 0.8341797609962753
43 35 0.8328750974794763
43 8 0.8182551532501549
43 34 0.808043014248023
44 45 0.993610369435494
44 43 0.9922423680335393
44 0 0.9770185371606759
44 42 0.9704897175085501
44 1 0.9657940119469413
44 2 0.9482823362164359
44 41 0.9349375158072579
44 3 0.9317853079032308
44 4 0.9164167930301383
44 5 0.9018518553928383
44 40 0.8915343251041874
44 6 0.8866997584857417
44 7 0.8712074932767551
44 39 0.866150132449122
44 8 0.8545530147087224
44 38 0.8417646265283041
44 9 0.8367839790453846
44 37 0.8209656449922952
44 10 0.8156470752604608
44 36 0.802050981855065
45 0 0.9942649965349348
45 44 0.993610369435494
45 1 0.9857657913789224
45 43 0.9731589171443711
45 2 0.9704179558780313
45 3 0.9553654789456933
45 4 0.940822873901775
45 42 0.9384104422310682
45 5 0.9266909023808358
45 6 0.9118136538912762
45 7 0.8963414512123373
45 41 0.8909990236018069
45 8 0.8794383071073698
45 9 0.8609399826842924
45 10 0.8389556019876474
45 40 0.837975155724599
45 11 0.8143410752792678
45 39 0.8102993837122123
45 38 0.7856108218936311
45 12 0.7828405091039122
