0 45 0.9942649965349348
0 1 0.9939751750062102
0 2 0.9807323280921332
0 44 0.9770185371606759
0 3 0.9671461631130405
0 4 0.953447682922921
0 43 0.9448782365447634
0 5 0.9398831856420669
0 6 0.9253599767798958
0 7 0.9100730863194106
0 42 0.898888018561534
0 8 0.8931434067049265
0 9 0.8741305620294573
0 10 0.8515281404521888
0 41 0.841560944163773
0 11 0.8258782681270185
0 12 0.7934495620848598
0 40 0.7803386871350104
0 13 0.7545084831825074
0 39 0.7512387405013013
0 38 0.7267721096311884
0 37 0.7072220912548772
0 14 0.7036955244804508
0 36 0.6902206176133932
0 35 0.6735322494344322
0 34 0.6513829667340991
0 15 0.6423505768378677
0 33 0.6286721401616956
0 32 0.6007830102201775
0 31 0.574380781022688
0 16 0.563339753182559
0 30 0.5456930685978555
1 2 0.9951748202113193
1 0 0.9939751750062102
1 3 0.9869995728279797
1 45 0.9857657913789224
1 4 0.977103158060467
1 5 0.9664223083042001
1 44 0.9657940119469413
1 6 0.9544548125329869
1 7 0.9413310468145393
1 43 0.9312522310080187
1 8 0.9262123122215029
1 9 0.9087953576693091
1 10 0.887264810373227
1 42 0.8830020719555662
1 11 0.8626263858348497
1 12 0.8307733110089373
1 41 0.8239121931056932
1 13 0.7920139117633961
1 40 0.7615974856753397
1 14 0.7410295049424565
1 39 0.7280464604643504
1 38 0.7011704895245275
1 37 0.6805460489750096
1 15 0.6781476805055174
1 36 0.6631921335972233
1 35 0.6467315870948905
1 34 0.6252236603648382
1 33 0.6026429719359896
1 16 0.5962126134320374
1 32 0.5750142610692301
1 31 0.5486716696636175
1 30 0.5204978166007925
2 3 0.997057756286545
2 1 0.9951748202113193
2 4 0.9913890130494353
2 5 0.9839012798559937
2 0 0.9807323280921332
2 6 0.9748711099431845
2 45 0.9704179558780313
2 7 0.964198341563042
2 8 0.9511115291364852
2 44 0.9482823362164359
2 9 0.9356391155126765
2 10 0.9157373885406013
2 43 0.9119957197135158
2 11 0.8924769867784834
2 42 0.862405036292599
2 12 0.8618426952981917
2 13 0.8239130278131789
2 41 0.8024892320666286
2 14 0.7733251047038139
2 40 0.7400401950436344
2 15 0.710048080021971
2 39 0.7030461629468068
2 38 0.6744671119248046
2 37 0.653214578387707
2 36 0.635846051887186
2 16 0.6264220670287513
2 35 0.6198178119812171
2 34 0.5992508705940383
2 33 0.5773623389268557
2 32 0.5505687757616429
2 17 0.5283324748015462
2 31 0.5249789173818382
3 4 0.9976422253105794
3 2 0.997057756286545
3 5 0.993133181074693
3 1 0.9869995728279797
3 6 0.9866048466368584
3 7 0.978141461177054
3 0 0.9671461631130405
3 8 0.9669877158173369
3 45 0.9553654789456933
3 9 0.9534757270179659
3 10 0.9352294191366625
3 44 0.9317853079032308
3 11 0.9134049248090235
3 43 0.8945393699397285
3 12 0.8844440172923631
3 13 0.8477993767812699
3 42 0.8442636431360899
3 14 0.7985012361305105
3 41 0.7841585034358568
3 15 0.7359538377597501
3 40 0.7220785330279579
3 39 0.6836292473968383
3 38 0.6546008879142142
3 16 0.6525950000999297
3 37 0.6336800974930982
3 36 0.6167879465632513
3 35 0.6016307205434386
3 34 0.5823308407839374
3 33 0.561536726750144
3 17 0.5531934343876215
3 32 0.5360071332493187
3 31 0.5116692863717323
4 5 0.9979812667009518
4 3 0.9976422253105794
4 6 0.9938115138298691
4 2 0.9913890130494353
4 7 0.9875032674503808
4 8 0.978238873722747
4 1 0.977103158060467
4 9 0.9663969460402414
4 0 0.953447682922921
4 10 0.9500231608334152
4 45 0.940822873901775
4 11 0.9300210806268558
4 44 0.9164167930301383
4 12 0.9030906407653192
4 43 0.8787975429106982
4 13 0.8681568534149684
4 42 0.8283817941223752
4 14 0.8207416417279432
4 41 0.7686271203251398
4 15 0.7594881835575755
4 40 0.7071773196777764
4 16 0.6772464123418478
4 39 0.6681524712487966
4 38 0.6392905152116474
4 37 0.6188193272152918
4 36 0.6025102754329212
4 35 0.5880591424052352
4 17 0.5778847608362696
4 34 0.5699605317568912
4 33 0.5503500934092651
4 32 0.5261998435862774
4 31 0.5033365795079037
5 4 0.9979812667009518
5 6 0.9979727537776297
5 7 0.9938838568596404
5 3 0.993133181074693
5 8 0.9868093910366527
5 2 0.9839012798559937
5 9 0.977008707636158
5 1 0.9664223083042001
5 10 0.9627858755139087
5 11 0.9447482191045532
5 0 0.9398831856420669
5 45 0.9266909023808358
5 12 0.9199568692645477
5 44 0.9018518553928383
5 13 0.8871917158504219
5 43 0.8642276778268729
5 14 0.8418040571857683
5 42 0.8140435262731142
5 15 0.7824608210448353
5 41 0.7548249574228154
5 16 0.7018030529520423
5 40 0.694260217191921
5 39 0.6552647019057842
5 38 0.6269491701721481
5 37 0.6070933843583158
5 17 0.6031649764775877
5 36 0.5914530065000707
5 35 0.5780080547051782
5 34 0.5613064762972073
5 33 0.5430663062972922
5 32 0.5203645814505857
5 18 0.5043426371815738
6 5 0.9979727537776297
6 7 0.9978775588714277
6 4 0.9938115138298691
6 8 0.9932133358762425
6 3 0.9866048466368584
6 9 0.9856398638670134
6 2 0.9748711099431845
6 10 0.973688687865385
6 11 0.9579069941088115
6 1 0.9544548125329869
6 12 0.9356344569249782
6 0 0.9253599767798958
6 45 0.9118136538912762
6 13 0.905173456431968
6 44 0.8866997584857417
6 14 0.8621339433290172
6 43 0.8493461113192141
6 15 0.805124547514201
6 42 0.7995989018888052
6 41 0.7411621852165333
6 16 0.7266172848235743
6 40 0.6816279733060833
6 39 0.6424066535678539
6 17 0.6291300862314162
6 38 0.6146026473575251
6 37 0.595455243431744
6 36 0.5805510295166189
6 35 0.5680966061016606
6 34 0.5527478056758075
6 33 0.5360278321891225
6 18 0.5304454251066407
6 32 0.5149941677815717
7 6 0.9978775588714277
7 8 0.9976381222188044
7 5 0.9938838568596404
7 9 0.9926321163479706
7 4 0.9875032674503808
7 10 0.983223932697551
7 3 0.978141461177054
7 11 0.969860637613647
7 2 0.964198341563042
7 12 0.9501709215801629
7 1 0.9413310468145393
7 13 0.9223431300772156
7 0 0.9100730863194106
7 45 0.8963414512123373
7 14 0.8828202704167889
7 44 0.8712074932767551
7 43 0.8341797609962753
7 15 0.8287187023393323
7 42 0.7850030771592162
7 16 0.7530199915610519
7 41 0.7274878026002499
7 40 0.6689938136239344
7 17 0.6577569604629783
7 39 0.630480181317631
7 38 0.6034857254187227
7 37 0.5853916540525544
7 36 0.5713941651410985
7 35 0.5600696044308364
7 18 0.5594572654254313
7 34 0.5462066045164817
7 33 0.5310352056328852
7 32 0.511827896301325
8 7 0.9976381222188044
8 9 0.9975806736122115
8 6 0.9932133358762425
8 10 0.9914723227168182
8 5 0.9868093910366527
8 11 0.9810940541405736
8 4 0.978238873722747
8 3 0.9669877158173369
8 12 0.9645711997745419
8 2 0.9511115291364852
8 13 0.9401307709819662
8 1 0.9262123122215029
8 14 0.9040981187793709
8 0 0.8931434067049265
8 45 0.8794383071073698
8 44 0.8545530147087224
8 15 0.8534077056811193
8 43 0.8182551532501549
8 16 0.7813248060910813
8 42 0.7699752834332718
8 41 0.7137005948411898
8 17 0.6886442364778385
8 40 0.656416819584953
8 39 0.6189981334444927
8 38 0.5931416088532689
8 18 0.5914069269786089
8 37 0.5762154978295889
8 36 0.5633672852724773
8 35 0.5534422502196132
8 34 0.5411822812561481
8 33 0.5276778102402299
8 19 0.5109323515132622
9 8 0.9975806736122115
9 10 0.9969581161293679
9 7 0.9926321163479706
9 11 0.9898387263457517
9 6 0.9856398638670134
9 12 0.977057548668981
9 5 0.977008707636158
9 4 0.9663969460402414
9 13 0.9563784862575991
9 3 0.9534757270179659
9 2 0.9356391155126765
9 14 0.9244396579584674
9 1 0.9087953576693091
9 15 0.8779360913175462
9 0 0.8741305620294573
9 45 0.8609399826842924
9 44 0.8367839790453846
9 16 0.8098087493648269
9 43 0.8018181983034554
9 42 0.7549336548325396
9 17 0.7203332620915119
9 41 0.7003226677167631
9 40 0.6447434746881298
9 18 0.6248907389111864
9 39 0.6091792357218384
9 38 0.5845706359174904
9 37 0.5686651467699394
9 36 0.5567021097138036
9 35 0.5479309659520317
9 19 0.5443026341069315
9 34 0.5372696469915487
9 33 0.5255789905139104
10 9 0.9969581161293679
10 11 0.9967915153112936
10 8 0.9914723227168182
10 12 0.9881829251599821
10 7 0.983223932697551
10 6 0.973688687865385
10 13 0.9721432132369952
10 5 0.9627858755139087
10 4 0.9500231608334152
10 14 0.94500297122741
10 3 0.9352294191366625
10 2 0.9157373885406013
10 15 0.9037921201676391
10 1 0.887264810373227
10 0 0.8515281404521888
10 16 0.840676080953122
10 45 0.8389556019876474
10 44 0.8156470752604608
10 43 0.782124972985788
10 17 0.7558231840718586
10 42 0.7368344963206991
10 41 0.684127989523239
10 18 0.662929783751493
10 40 0.6304742680114868
10 39 0.5971660432867106
10 19 0.5831606340143793
10 38 0.5746097007844153
10 37 0.5603901017746952
10 36 0.5499960543861068
10 35 0.5429176904692741
10 34 0.5344107960872959
10 20 0.5253923545606476
11 10 0.9967915153112936
11 12 0.9958619740363837
11 9 0.9898387263457517
11 13 0.9849639629986902
11 8 0.9810940541405736
11 7 0.969860637613647
11 14 0.9633628957113716
11 6 0.9579069941088115
11 5 0.9447482191045532
11 4 0.9300210806268558
11 15 0.9278749786438765
11 3 0.9134049248090235
11 2 0.8924769867784834
11 16 0.8707046322300389
11 1 0.8626263858348497
11 0 0.8258782681270185
11 45 0.8143410752792678
11 44 0.7923154923734032
11 17 0.7911641714692779
11 43 0.7607485250397634
11 42 0.7174513552241453
11 18 0.7010878412413317
11 41 0.6670205229818198
11 19 0.6226159452344514
11 40 0.6156296576694298
11 39 0.5848930344194938
11 20 0.5644172294350746
11 38 0.5643307625799509
11 37 0.5515791138754645
11 36 0.5427199236419004
11 35 0.5373148858925147
11 34 0.5309443316128688
12 11 0.9958619740363837
12 13 0.9949387652134091
12 10 0.9881829251599821
12 14 0.9803478895615048
12 9 0.977057548668981
12 8 0.9645711997745419
12 15 0.9516650626500662
12 7 0.9501709215801629
12 6 0.9356344569249782
12 5 0.9199568692645477
12 4 0.9030906407653192
12 16 0.902136511198445
12 3 0.8844440172923631
12 2 0.8618426952981917
12 1 0.8307733110089373
12 17 0.8287988485398281
12 0 0.7934495620848598
12 45 0.7828405091039122
12 44 0.7618542494340786
12 18 0.7432961819836296
12 43 0.7321555011925134
12 42 0.6910150724293047
12 19 0.6664396873682934
12 41 0.6430341639978602
12 20 0.6078789720360991
12 40 0.5940600306581182
12 21 0.5703259448625543
12 39 0.5667585156812244
12 38 0.5489601590761874
12 37 0.5382564204362902
12 22 0.537000050015461
12 36 0.5313791051667649
13 12 0.9949387652134091
13 14 0.9932169225188174
13 11 0.9849639629986902
13 15 0.9737386351421058
13 10 0.9721432132369952
13 9 0.9563784862575991
13 8 0.9401307709819662
13 16 0.9334502697345755
13 7 0.9223431300772156
13 6 0.905173456431968
13 5 0.8871917158504219
13 17 0.8688812309485485
13 4 0.8681568534149684
13 3 0.8477993767812699
13 2 0.8239130278131789
13 1 0.7920139117633961
13 18 0.78958852278987
13 0 0.7545084831825074
13 45 0.7454061596146718
13 44 0.7262426668549649
13 19 0.7156894179849043
13 43 0.6993503030942583
13 42 0.6612032471155784
13 20 0.6575721215178167
13 21 0.6187116788251164
13 41 0.6165244206937746
13 22 0.5813197423648184
13 40 0.5708755512810493
13 23 0.5603190549182036
13 24 0.5489827482787382
13 39 0.547737029031883
13 25 0.5385403182707944
14 13 0.9932169225188174
14 15 0.9913065765271436
14 12 0.9803478895615048
14 16 0.9635822319773517
14 11 0.9633628957113716
14 10 0.94500297122741
14 9 0.9244396579584674
14 17 0.9107881783022671
14 8 0.9040981187793709
14 7 0.8828202704167889
14 6 0.8621339433290172
14 5 0.8418040571857683
14 18 0.8397610438553785
14 4 0.8207416417279432
14 3 0.7985012361305105
14 2 0.7733251047038139
14 19 0.7697889302022463
14 1 0.7410295049424565
14 20 0.7130873139306264
14 0 0.7036955244804508
14 45 0.6972732056545319
14 44 0.6812372232310309
14 21 0.6736316378358087
14 43 0.6588388235890859
14 22 0.6322378091162288
14 42 0.6254006973197863
14 23 0.6058321790359402
14 24 0.5888015506479686
14 41 0.5858512201044017
14 25 0.5732810798148176
14 26 0.5610010581710698
14 27 0.5482249822553622
15 14 0.9913065765271436
15 16 0.9874809525897099
15 13 0.9737386351421058
15 12 0.9516650626500662
15 17 0.9498778352950401
15 11 0.9278749786438765
15 10 0.9037921201676391
15 18 0.8902068585156355
15 9 0.8779360913175462
15 8 0.8534077056811193
15 7 0.8287187023393323
15 19 0.8265659886479071
15 6 0.805124547514201
15 5 0.7824608210448353
15 20 0.7725496452639506
15 4 0.7594881835575755
15 3 0.7359538377597501
15 21 0.7329431448823076
15 2 0.710048080021971
15 22 0.68800568554789
15 1 0.6781476805055174
15 23 0.6564844306318475
15 0 0.6423505768378677
15 45 0.6392836318039921
15 24 0.6338108643759626
15 44 0.6274932490081926
15 25 0.6130278836147429
15 43 0.6109335999183814
15 26 0.5956148461370132
15 42 0.5836455474865059
15 27 0.5780616993949214
15 28 0.5607665722246902
16 15 0.9874809525897099
16 17 0.9839052801785617
16 14 0.9635822319773517
16 18 0.9416802650774072
16 13 0.9334502697345755
16 12 0.902136511198445
16 19 0.8879917197647815
16 11 0.8707046322300389
16 10 0.840676080953122
16 20 0.8390401307087982
16 9 0.8098087493648269
16 21 0.8006985485088164
16 8 0.7813248060910813
16 22 0.7537844744033493
16 7 0.7530199915610519
16 6 0.7266172848235743
16 23 0.7171586042787086
16 5 0.7018030529520423
16 24 0.6887072842427329
16 4 0.6772464123418478
16 25 0.6621219115967047
16 3 0.6525950000999297
16 26 0.639291535559356
16 2 0.6264220670287513
16 27 0.6164819379495858
16 1 0.5962126134320374
16 28 0.5935199887334272
16 29 0.5747724850084261
16 45 0.5649069019357096
16 0 0.563339753182559
16 44 0.5589661664230194
16 30 0.5557825458671986
17 16 0.9839052801785617
17 18 0.9824984917672748
17 15 0.9498778352950401
17 19 0.9457929977183017
17 14 0.9107881783022671
17 20 0.9064797431269647
17 21 0.8719911721614773
17 13 0.8688812309485485
17 12 0.8287988485398281
17 22 0.8257403941158129
17 11 0.7911641714692779
17 23 0.7859199632471972
17 10 0.7558231840718586
17 24 0.7526111172374784
17 25 0.7211692470752952
17 9 0.7203332620915119
17 26 0.6932059184221687
17 8 0.6886442364778385
17 27 0.6652547498726438
17 7 0.6577569604629783
17 28 0.6368848372391125
17 6 0.6291300862314162
17 29 0.6122869785692737
17 5 0.6031649764775877
17 30 0.5864381962553041
17 4 0.5778847608362696
17 31 0.5641427146789098
17 3 0.5531934343876215
17 32 0.5426368133691913
17 2 0.5283324748015462
17 33 0.5241652468088038
17 34 0.5075015299816079
18 19 0.9860709588717085
18 17 0.9824984917672748
18 20 0.9606277926519415
18 16 0.9416802650774072
18 21 0.932728165539104
18 22 0.8903961458605087
18 15 0.8902068585156355
18 23 0.850152325028374
18 14 0.8397610438553785
18 24 0.8143522989458014
18 13 0.78958852278987
18 25 0.779848690909418
18 26 0.7482345618939263
18 12 0.7432961819836296
18 27 0.7167476004544242
18 11 0.7010878412413317
18 28 0.684446172109191
18 10 0.662929783751493
18 29 0.6550526310026543
18 9 0.6248907389111864
18 30 0.6234695583564567
18 31 0.5953545010039566
18 8 0.5914069269786089
18 32 0.5682121931597011
18 7 0.5594572654254313
18 33 0.543878391739637
18 6 0.5304454251066407
18 34 0.5222083989966111
18 5 0.5043426371815738
18 35 0.5027632241563602
18 36 0.48843785032726894
18 4 0.4796879688082013
19 20 0.9911868093165039
19 18 0.9860709588717085
19 21 0.9714316858445989
19 17 0.9457929977183017
19 22 0.9348192008032555
19 23 0.8964716873673333
19 16 0.8879917197647815
19 24 0.8603828001174492
19 15 0.8265659886479071
19 25 0.8247357442025489
19 26 0.7913060945003374
19 14 0.7697889302022463
19 27 0.7580631028576579
19 28 0.7236688731465899
19 13 0.7156894179849043
19 29 0.6916282395679569
19 12 0.6664396873682934
19 30 0.6567198303940647
19 31 0.6250922766945379
19 11 0.6226159452344514
19 32 0.5945127938434459
19 10 0.5831606340143793
19 33 0.566611982043228
19 9 0.5443026341069315
19 34 0.5420256168295319
19 35 0.5196037000328539
19 8 0.5109323515132622
19 36 0.5027373195368372
19 37 0.486647419020493
19 7 0.4793402925375977
19 38 0.46828107027310806
19 6 0.450969337770654
20 19 0.9911868093165039
20 21 0.9911524836767593
20 22 0.9628772740528616
20 18 0.9606277926519415
20 23 0.9286250551925301
20 17 0.9064797431269647
20 24 0.8943177052693014
20 25 0.8597140382835595
20 16 0.8390401307087982
20 26 0.8265470254510632
20 27 0.7934851910511677
20 15 0.7725496452639506
20 28 0.7589598073037604
20 29 0.7263574216767443
20 14 0.7130873139306264
20 30 0.6904897120528459
20 31 0.6575892213502512
20 13 0.6575721215178167
20 32 0.6258015172745832
20 12 0.6078789720360991
20 33 0.5962573992073616
20 34 0.5704721565784026
20 11 0.5644172294350746
20 35 0.5466532578090657
20 36 0.5283338851843915
20 10 0.5253923545606476
20 37 0.5102058944240571
20 38 0.48883897642278695
20 9 0.4869996461946312
20 39 0.4613031285514986
20 8 0.4546863092220975
20 7 0.42450561626644734
21 20 0.9911524836767593
21 22 0.9861694594275578
21 19 0.9714316858445989
21 23 0.9599660694359862
21 18 0.932728165539104
21 24 0.9306363776791888
21 25 0.8995998918917469
21 17 0.8719911721614773
21 26 0.8689218218428274
21 27 0.8379796570924186
21 28 0.8050145658477019
21 16 0.8006985485088164
21 29 0.7730644637013865
21 30 0.7376999205930793
21 15 0.7329431448823076
21 31 0.7045775323555656
21 14 0.6736316378358087
21 32 0.6720493855298816
21 33 0.6415329128746796
21 13 0.6187116788251164
21 34 0.6149180265483571
21 35 0.5901525161485088
21 36 0.5705830431900221
21 12 0.5703259448625543
21 37 0.5507421736992886
21 11 0.5284814064984991
21 38 0.5266332755773943
21 39 0.4948048806251768
21 10 0.49100247039151423
21 9 0.45403550159265615
21 40 0.450500991504274
21 41 0.433657143847714
22 23 0.9901830979613282
22 21 0.9861694594275578
22 24 0.9720230683179671
22 20 0.9628772740528616
22 25 0.9488645887063841
22 19 0.9348192008032555
22 26 0.9240530648274529
22 27 0.8977071779559658
22 18 0.8903961458605087
22 28 0.8686892023962545
22 29 0.8392443924663187
22 17 0.8257403941158129
22 30 0.8058928002813239
22 31 0.7735432161947564
22 16 0.7537844744033493
22 32 0.7407848322013415
22 33 0.7097444800720232
22 15 0.68800568554789
22 34 0.6827405732963331
22 35 0.6576909813750955
22 36 0.6372856032323003
22 14 0.6322378091162288
22 37 0.6163655705779056
22 38 0.5901612457848715
22 13 0.5813197423648184
22 39 0.5546778442324345
22 12 0.537000050015461
22 40 0.5040020697417
22 11 0.49915522393584055
22 41 0.4821222783635065
22 10 0.46549979195640995
22 42 0.45378287627050173
23 24 0.9933295532777133
23 22 0.9901830979613282
23 25 0.979690948090784
23 26 0.962032248451104
23 21 0.9599660694359862
23 27 0.9411426395389064
23 20 0.9286250551925301
23 28 0.9171433186585756
23 19 0.8964716873673333
23 29 0.8919168485839203
23 30 0.8617484964968002
23 18 0.850152325028374
23 31 0.8314252807354603
23 32 0.7999858943580552
23 17 0.7859199632471972
23 33 0.7697801703194596
23 34 0.7431905344841995
23 35 0.7190208867830545
23 16 0.7171586042787086
23 36 0.6987939850210276
23 37 0.6777061896352431
23 15 0.6564844306318475
23 38 0.6514538017674147
23 39 0.6144158822963313
23 14 0.6058321790359402
23 40 0.5606518352839892
23 13 0.5603190549182036
23 41 0.5362415080451308
23 12 0.5210781748334389
23 42 0.5045852103540961
23 11 0.48816315623492673
23 43 0.4674101208160485
24 25 0.9947402685835094
24 23 0.9933295532777133
24 26 0.9841399904275026
24 22 0.9720230683179671
24 27 0.9690612405543955
24 28 0.9500638842140565
24 21 0.9306363776791888
24 29 0.9287245272852996
24 30 0.9020769782239297
24 20 0.8943177052693014
24 31 0.8745226162442126
24 19 0.8603828001174492
24 32 0.8450307264440928
24 33 0.8161444568666736
24 18 0.8143522989458014
24 34 0.7906879978413741
24 35 0.7675581480918171
24 17 0.7526111172374784
24 36 0.747852303135714
24 37 0.7272301403745164
24 38 0.7012680528847969
24 16 0.6887072842427329
24 39 0.6638648811166301
24 15 0.6338108643759626
24 40 0.6087229946917756
24 14 0.5888015506479686
24 41 0.5833486107460045
24 42 0.5501704329321733
24 13 0.5489827482787382
24 12 0.5146540690584481
24 43 0.511068995571867
24 11 0.4863965402941429
25 26 0.9956476289016568
25 24 0.9947402685835094
25 27 0.9864382736644988
25 23 0.979690948090784
25 28 0.9722047187675884
25 29 0.9550990298442306
25 22 0.9488645887063841
25 30 0.9320314176757989
25 31 0.9069664778765911
25 21 0.8995998918917469
25 32 0.8792001043545856
25 20 0.8597140382835595
25 33 0.8516644932910761
25 34 0.8271014435375499
25 19 0.8247357442025489
25 35 0.8051627766462197
25 36 0.7860144258894111
25 18 0.779848690909418
25 37 0.7657396741462781
25 38 0.7400312263760227
25 17 0.7211692470752952
25 39 0.7023420476687142
25 16 0.6621219115967047
25 40 0.6464571186743686
25 41 0.6206494170193018
25 15 0.6130278836147429
25 42 0.5866262263926856
25 14 0.5732810798148176
25 43 0.5462911007016542
25 13 0.5385403182707944
25 12 0.5088486290257567
25 44 0.5001243180611494
26 27 0.9960822427352789
26 25 0.9956476289016568
26 28 0.9872872332399454
26 24 0.9841399904275026
26 29 0.9742767646148351
26 23 0.962032248451104
26 30 0.9547237027559716
26 31 0.9322827965345419
26 22 0.9240530648274529
26 32 0.9064539725822225
26 33 0.8802084418345274
26 21 0.8689218218428274
26 34 0.8564460674646852
26 35 0.8355851134096548
26 20 0.8265470254510632
26 36 0.8171037081239851
26 37 0.7971419458097315
26 19 0.7913060945003374
26 38 0.7719398406421767
26 18 0.7482345618939263
26 39 0.7343458093003714
26 17 0.6932059184221687
26 40 0.6782741274858017
26 41 0.6524844597969486
26 16 0.639291535559356
26 42 0.6182839457822955
26 15 0.5956148461370132
26 43 0.5772716359264839
26 14 0.5610010581710698
26 13 0.5310782872478133
26 44 0.5303978776832561
26 12 0.5057957457556326
27 28 0.9961372110753277
27 26 0.9960822427352789
27 29 0.987561535743229
27 25 0.9864382736644988
27 30 0.9717724612135464
27 24 0.9690612405543955
27 31 0.9520810895565526
27 23 0.9411426395389064
27 32 0.9283627938686327
27 33 0.9034060448555901
27 22 0.8977071779559658
27 34 0.8810441493382959
27 35 0.8610952154321367
27 36 0.843182420702767
27 21 0.8379796570924186
27 37 0.8238350255189144
27 38 0.7990474966940043
27 20 0.7934851910511677
27 39 0.7621359035979163
27 19 0.7580631028576579
27 18 0.7167476004544242
27 40 0.7063738130491637
27 41 0.6809084767854012
27 17 0.6652547498726438
27 42 0.6466594662036012
27 16 0.6164819379495858
27 43 0.6053078307568303
27 15 0.5780616993949214
27 44 0.557801728158549
27 14 0.5482249822553622
27 13 0.5229834316608366
27 45 0.5123662608370874
28 29 0.9961875313722532
28 27 0.9961372110753277
28 26 0.9872872332399454
28 30 0.9854450297166095
28 25 0.9722047187675884
28 31 0.9693884383971589
28 24 0.9500638842140565
28 32 0.9480312594652169
28 33 0.9247311587031133
28 23 0.9171433186585756
28 34 0.9032047370762626
28 35 0.8841088828022401
28 22 0.8686892023962545
28 36 0.8668281437437131
28 37 0.8480911915175541
28 38 0.8240308145143633
28 21 0.8050145658477019
28 39 0.7880470460243513
28 20 0.7589598073037604
28 40 0.7330279038152951
28 19 0.7236688731465899
28 41 0.707926245776856
28 18 0.684446172109191
28 42 0.673699928243134
28 17 0.6368848372391125
28 43 0.6319556785603165
28 16 0.5935199887334272
28 44 0.5839015921586427
28 15 0.5607665722246902
28 45 0.5374104417270903
28 14 0.5358288372485053
28 13 0.5152755901039401
29 28 0.9961875313722532
29 30 0.9951539521425561
29 27 0.987561535743229
29 31 0.9839031003253114
29 26 0.9742767646148351
29 32 0.9666960838275175
29 25 0.9550990298442306
29 33 0.9458787268223284
29 24 0.9287245272852996
29 34 0.9256550144776317
29 35 0.9076618858545126
29 23 0.8919168485839203
29 36 0.8907989727612986
29 37 0.8725695665778674
29 38 0.8492762666618487
29 22 0.8392443924663187
29 39 0.8143482493322036
29 21 0.7730644637013865
29 40 0.7605472846444665
29 41 0.7363595020028236
29 20 0.7263574216767443
29 42 0.7027510374196513
29 19 0.6916282395679569
29 43 0.6610319332491312
29 18 0.6550526310026543
29 44 0.612646095077108
29 17 0.6122869785692737
29 16 0.5747724850084261
29 45 0.5652302876897706
29 15 0.5475831339226042
29 14 0.5276549446903785
29 0 0.5174565492973877
30 31 0.995540302160765
30 29 0.9951539521425561
30 28 0.9854450297166095
30 32 0.984077089130825
30 27 0.9717724612135464
30 33 0.9672690754683644
30 26 0.9547237027559716
30 34 0.9489082091046039
30 25 0.9320314176757989
30 35 0.9317367996686907
30 36 0.9149903180911967
30 24 0.9020769782239297
30 37 0.8969706231100483
30 38 0.8742182866511983
30 23 0.8617484964968002
30 39 0.8405510690328861
30 22 0.8058928002813239
30 40 0.7882751197322504
30 41 0.7654585925231586
30 21 0.7376999205930793
30 42 0.7327916130814022
30 43 0.6913897969824623
30 20 0.6904897120528459
30 19 0.6567198303940647
30 44 0.6428464355076872
30 18 0.6234695583564567
30 45 0.5946172735766979
30 17 0.5864381962553041
30 16 0.5557825458671986
30 0 0.5456930685978555
30 15 0.5351324010701458
30 14 0.5209611814164516
31 30 0.995540302160765
31 32 0.9950354206691344
31 29 0.9839031003253114
31 33 0.983613238124269
31 28 0.9693884383971589
31 34 0.9683587342653581
31 35 0.9526928330449227
31 27 0.9520810895565526
31 36 0.9366060595796122
31 26 0.9322827965345419
31 37 0.9192746056021821
31 25 0.9069664778765911
31 38 0.897505954950526
31 24 0.8745226162442126
31 39 0.8657015908811252
31 23 0.8314252807354603
31 40 0.8158301231349014
31 41 0.7946277771618004
31 22 0.7735432161947564
31 42 0.7631030414802515
31 43 0.7221438391146255
31 21 0.7045775323555656
31 44 0.6734833636682864
31 20 0.6575892213502512
31 19 0.6250922766945379
31 45 0.6244797010340587
31 18 0.5953545010039566
31 0 0.574380781022688
31 17 0.5641427146789098
31 1 0.5486716696636175
31 16 0.5403494008208855
31 15 0.5263220441400873
32 33 0.9952158094260382
32 31 0.9950354206691344
32 34 0.984838768273534
32 30 0.984077089130825
32 35 0.9718061165843173
32 29 0.9666960838275175
32 36 0.9570765793327307
32 28 0.9480312594652169
32 37 0.9405133125838235
32 27 0.9283627938686327
32 38 0.9201621311577524
32 26 0.9064539725822225
32 39 0.890654299886698
32 25 0.8792001043545856
32 24 0.8450307264440928
32 40 0.8437764564017358
32 41 0.8238229091688966
32 23 0.7999858943580552
32 42 0.7929786053142169
32 43 0.752065346868134
32 22 0.7407848322013415
32 44 0.7027675965867191
32 21 0.6720493855298816
32 45 0.6524182194501236
32 20 0.6258015172745832
32 0 0.6007830102201775
32 19 0.5945127938434459
32 1 0.5750142610692301
32 18 0.5682121931597011
32 2 0.5505687757616429
32 17 0.5426368133691913
32 3 0.5360071332493187
33 34 0.9956681632024658
33 32 0.9952158094260382
33 35 0.9869188869256428
33 31 0.983613238124269
33 36 0.9747288221157888
33 30 0.9672690754683644
33 37 0.9598603357682762
33 29 0.9458787268223284
33 38 0.9410475226619355
33 28 0.9247311587031133
33 39 0.9138501893257766
33 27 0.9034060448555901
33 26 0.8802084418345274
33 40 0.8702479641619332
33 41 0.8520888289328153
33 25 0.8516644932910761
33 42 0.8224355936869282
33 24 0.8161444568666736
33 43 0.782090007477471
33 23 0.7697801703194596
33 44 0.7327110139697544
33 22 0.7097444800720232
33 45 0.6815182333641102
33 21 0.6415329128746796
33 0 0.6286721401616956
33 1 0.6026429719359896
33 20 0.5962573992073616
33 2 0.5773623389268557
33 19 0.566611982043228
33 3 0.561536726750144
33 4 0.5503500934092651
33 18 0.543878391739637
34 35 0.9962138994911822
34 33 0.9956681632024658
34 36 0.9878966279417478
34 32 0.984838768273534
34 37 0.975832734515655
34 31 0.9683587342653581
34 38 0.9591808996321334
34 30 0.9489082091046039
34 39 0.9345317320601267
34 29 0.9256550144776317
34 28 0.9032047370762626
34 40 0.8944888981831302
34 27 0.8810441493382959
34 41 0.8774890171780902
34 26 0.8564460674646852
34 42 0.848419343653275
34 25 0.8271014435375499
34 43 0.808043014248023
34 24 0.7906879978413741
34 44 0.7580945115241657
34 23 0.7431905344841995
34 45 0.7056461023527302
34 22 0.6827405732963331
34 0 0.6513829667340991
34 1 0.6252236603648382
34 21 0.6149180265483571
34 2 0.5992508705940383
34 3 0.5823308407839374
34 20 0.5704721565784026
34 4 0.5699605317568912
34 5 0.5613064762972073
34 6 0.5527478056758075
35 36 0.996393290547956
35 34 0.9962138994911822
35 37 0.9882839807520007
35 33 0.9869188869256428
35 38 0.9750127041171848
35 32 0.9718061165843173
35 39 0.9536778980007963
35 31 0.9526928330449227
35 30 0.9317367996686907
35 40 0.9171130677589325
35 29 0.9076618858545126
35 41 0.9013623087644289
35 28 0.8841088828022401
35 42 0.8730684492834437
35 27 0.8610952154321367
35 26 0.8355851134096548
35 43 0.8328750974794763
35 25 0.8051627766462197
35 44 0.782566984757814
35 24 0.7675581480918171
35 45 0.7290671626278701
35 23 0.7190208867830545
35 0 0.6735322494344322
35 22 0.6576909813750955
35 1 0.6467315870948905
35 2 0.6198178119812171
35 3 0.6016307205434386
35 21 0.5901525161485088
35 4 0.5880591424052352
35 5 0.5780080547051782
35 6 0.5680966061016606
35 7 0.5600696044308364
36 37 0.9964080166567957
36 35 0.996393290547956
36 34 0.9878966279417478
36 38 0.987622502878593
36 33 0.9747288221157888
36 39 0.9701854717883514
36 32 0.9570765793327307
36 40 0.9371074209842716
36 31 0.9366060595796122
36 41 0.9219330649612374
36 30 0.9149903180911967
36 42 0.8937693215106923
36 29 0.8907989727612986
36 28 0.8668281437437131
36 43 0.8531794996171769
36 27 0.843182420702767
36 26 0.8171037081239851
36 44 0.802050981855065
36 25 0.7860144258894111
36 24 0.747852303135714
36 45 0.7472262916788643
36 23 0.6987939850210276
36 0 0.6902206176133932
36 1 0.6631921335972233
36 22 0.6372856032323003
36 2 0.635846051887186
36 3 0.6167879465632513
36 4 0.6025102754329212
36 5 0.5914530065000707
36 6 0.5805510295166189
36 7 0.5713941651410985
36 21 0.5705830431900221
37 36 0.9964080166567957
37 38 0.9959291992616415
37 35 0.9882839807520007
37 39 0.9836518598030743
37 34 0.975832734515655
37 33 0.9598603357682762
37 40 0.954923842335963
37 41 0.940544241468269
37 32 0.9405133125838235
37 31 0.9192746056021821
37 42 0.9129896700671227
37 30 0.8969706231100483
37 29 0.8725695665778674
37 43 0.8724233999888409
37 28 0.8480911915175541
37 27 0.8238350255189144
37 44 0.8209656449922952
37 26 0.7971419458097315
37 25 0.7657396741462781
37 45 0.7652836614861114
37 24 0.7272301403745164
37 0 0.7072220912548772
37 1 0.6805460489750096
37 23 0.6777061896352431
37 2 0.653214578387707
37 3 0.6336800974930982
37 4 0.6188193272152918
37 22 0.6163655705779056
37 5 0.6070933843583158
37 6 0.595455243431744
37 7 0.5853916540525544
37 8 0.5762154978295889
38 37 0.9959291992616415
38 39 0.9941874035864553
38 36 0.987622502878593
38 35 0.9750127041171848
38 40 0.9724969761581604
38 41 0.9595828772723355
38 34 0.9591808996321334
38 33 0.9410475226619355
38 42 0.9331429555830354
38 32 0.9201621311577524
38 31 0.897505954950526
38 43 0.8931435908103487
38 30 0.8742182866511983
38 29 0.8492762666618487
38 44 0.8417646265283041
38 28 0.8240308145143633
38 27 0.7990474966940043
38 45 0.7856108218936311
38 26 0.7719398406421767
38 25 0.7400312263760227
38 0 0.7267721096311884
38 24 0.7012680528847969
38 1 0.7011704895245275
38 2 0.6744671119248046
38 3 0.6546008879142142
38 23 0.6514538017674147
38 4 0.6392905152116474
38 5 0.6269491701721481
38 6 0.6146026473575251
38 7 0.6034857254187227
38 8 0.5931416088532689
38 22 0.5901612457848715
39 38 0.9941874035864553
39 40 0.9897384200011405
39 37 0.9836518598030743
39 41 0.9792542793319245
39 36 0.9701854717883514
39 42 0.9549000504939068
39 35 0.9536778980007963
39 34 0.9345317320601267
39 43 0.9165354484206578
39 33 0.9138501893257766
39 32 0.890654299886698
39 44 0.866150132449122
39 31 0.8657015908811252
39 30 0.8405510690328861
39 29 0.8143482493322036
39 45 0.8102993837122123
39 28 0.7880470460243513
39 27 0.7621359035979163
39 0 0.7512387405013013
39 26 0.7343458093003714
39 1 0.7280464604643504
39 2 0.7030461629468068
39 25 0.7023420476687142
39 3 0.6836292473968383
39 4 0.6681524712487966
39 24 0.6638648811166301
39 5 0.6552647019057842
39 6 0.6424066535678539
39 7 0.630480181317631
39 8 0.6189981334444927
39 23 0.6144158822963313
39 9 0.6091792357218384
40 41 0.9935646171702999
40 39 0.9897384200011405
40 42 0.9733411726603297
40 38 0.9724969761581604
40 37 0.954923842335963
40 43 0.9387876311567654
40 36 0.9371074209842716
40 35 0.9171130677589325
40 34 0.8944888981831302
40 44 0.8915343251041874
40 33 0.8702479641619332
40 32 0.8437764564017358
40 45 0.837975155724599
40 31 0.8158301231349014
40 30 0.7882751197322504
40 0 0.7803386871350104
40 1 0.7615974856753397
40 29 0.7605472846444665
40 2 0.7400401950436344
40 28 0.7330279038152951
40 3 0.7220785330279579
40 4 0.7071773196777764
40 27 0.7063738130491637
40 5 0.694260217191921
40 6 0.6816279733060833
40 26 0.6782741274858017
40 7 0.6689938136239344
40 8 0.656416819584953
40 25 0.6464571186743686
40 9 0.6447434746881298
40 10 0.6304742680114868
40 11 0.6156296576694298
41 40 0.9935646171702999
41 42 0.9924331870429537
41 39 0.9792542793319245
41 43 0.9704851079433262
41 38 0.9595828772723355
41 37 0.940544241468269
41 44 0.9349375158072579
41 36 0.9219330649612374
41 35 0.9013623087644289
41 45 0.8909990236018069
41 34 0.8774890171780902
41 33 0.8520888289328153
41 0 0.841560944163773
41 1 0.8239121931056932
41 32 0.8238229091688966
41 2 0.8024892320666286
41 31 0.7946277771618004
41 3 0.7841585034358568
41 4 0.7686271203251398
41 30 0.7654585925231586
41 5 0.7548249574228154
41 6 0.7411621852165333
41 29 0.7363595020028236
41 7 0.7274878026002499
41 8 0.7137005948411898
41 28 0.707926245776856
41 9 0.7003226677167631
41 10 0.684127989523239
41 27 0.6809084767854012
41 11 0.6670205229818198
41 26 0.6524844597969486
41 12 0.6430341639978602
42 41 0.9924331870429537
42 43 0.9920106476397936
42 40 0.9733411726603297
42 44 0.9704897175085501
42 39 0.9549000504939068
42 45 0.9384104422310682
42 38 0.9331429555830354
42 37 0.9129896700671227
42 0 0.898888018561534
42 36 0.8937693215106923
42 1 0.8830020719555662
42 35 0.8730684492834437
42 2 0.862405036292599
42 34 0.848419343653275
42 3 0.8442636431360899
42 4 0.8283817941223752
42 33 0.8224355936869282
42 5 0.8140435262731142
42 6 0.7995989018888052
42 32 0.7929786053142169
42 7 0.7850030771592162
42 8 0.7699752834332718
42 31 0.7631030414802515
42 9 0.7549336548325396
42 10 0.7368344963206991
42 30 0.7327916130814022
42 11 0.7174513552241453
42 29 0.7027510374196513
42 12 0.6910150724293047
42 28 0.673699928243134
42 13 0.6612032471155784
42 27 0.6466594662036012
43 44 0.9922423680335393
43 42 0.9920106476397936
43 45 0.9731589171443711
43 41 0.9704851079433262
43 0 0.9448782365447634
43 40 0.9387876311567654
43 1 0.9312522310080187
43 39 0.9165354484206578
43 2 0.9119957197135158
43 3 0.8945393699397285
43 38 0.8931435908103487
43 4 0.8787975429106982
43 37 0.8724233999888409
43 5 0.8642276778268729
43 36 0.8531794996171769
43 6 0.8493461113192141
43 7 0.8341797609962753
43 35 0.8328750974794763
43 8 0.8182551532501549
43 34 0.808043014248023
43 9 0.8018181983034554
43 10 0.782124972985788
43 33 0.782090007477471
43 11 0.7607485250397634
43 32 0.752065346868134
43 12 0.7321555011925134
43 31 0.7221438391146255
43 13 0.6993503030942583
43 30 0.6913897969824623
43 29 0.6610319332491312
43 14 0.6588388235890859
43 28 0.6319556785603165
44 45 0.993610369435494
44 43 0.9922423680335393
44 0 0.9770185371606759
44 42 0.9704897175085501
44 1 0.9657940119469413
44 2 0.9482823362164359
44 41 0.9349375158072579
44 3 0.9317853079032308
44 4 0.9164167930301383
44 5 0.9018518553928383
44 40 0.8915343251041874
44 6 0.8866997584857417
44 7 0.8712074932767551
44 39 0.866150132449122
44 8 0.8545530147087224
44 38 0.8417646265283041
44 9 0.8367839790453846
44 37 0.8209656449922952
44 10 0.8156470752604608
44 36 0.802050981855065
44 11 0.7923154923734032
44 35 0.782566984757814
44 12 0.7618542494340786
44 34 0.7580945115241657
44 33 0.7327110139697544
44 13 0.7262426668549649
44 32 0.7027675965867191
44 14 0.6812372232310309
44 31 0.6734833636682864
44 30 0.6428464355076872
44 15 0.6274932490081926
44 29 0.612646095077108
45 0 0.9942649965349348
45 44 0.993610369435494
45 1 0.9857657913789224
45 43 0.9731589171443711
45 2 0.9704179558780313
45 3 0.9553654789456933
45 4 0.940822873901775
45 42 0.9384104422310682
45 5 0.9266909023808358
45 6 0.9118136538912762
45 7 0.8963414512123373
45 41 0.8909990236018069
45 8 0.8794383071073698
45 9 0.8609399826842924
45 10 0.8389556019876474
45 40 0.837975155724599
45 11 0.8143410752792678
45 39 0.8102993837122123
45 38 0.7856108218936311
45 12 0.7828405091039122
45 37 0.7652836614861114
45 36 0.7472262916788643
45 13 0.7454061596146718
45 35 0.7290671626278701
45 34 0.7056461023527302
45 14 0.6972732056545319
45 33 0.6815182333641102
45 32 0.6524182194501236
45 15 0.6392836318039921
45 31 0.6244797010340587
45 30 0.5946172735766979
45 29 0.5652302876897706
