0 45 0.9942649965349348
0 1 0.9939751750062102
0 2 0.9807323280921332
0 44 0.9770185371606759
0 3 0.9671461631130405
0 4 0.953447682922921
1 2 0.9951748202113193
1 0 0.9939751750062102
1 3 0.9869995728279797
1 45 0.9857657913789224
1 4 0.977103158060467
1 5 0.9664223083042001
2 3 0.997057756286545
2 1 0.9951748202113193
2 4 0.9913890130494353
2 5 0.9839012798559937
2 0 0.9807323280921332
2 6 0.9748711099431845
3 4 0.9976422253105794
3 2 0.997057756286545
3 5 0.993133181074693
3 1 0.9869995728279797
3 6 0.9866048466368584
3 7 0.978141461177054
4 5 0.9979812667009518
4 3 0.9976422253105794
4 6 0.9938115138298691
4 2 0.9913890130494353
4 7 0.9875032674503808
4 8 0.978238873722747
5 4 0.9979812667009518
5 6 0.9979727537776297
5 7 0.9938838568596404
5 3 0.993133181074693
5 8 0.9868093910366527
5 2 0.9839012798559937
6 5 0.9979727537776297
6 7 0.9978775588714277
6 4 0.9938115138298691
6 8 0.9932133358762425
6 3 0.9866048466368584
6 9 0.9856398638670134
7 6 0.9978775588714277
7 8 0.9976381222188044
7 5 0.9938838568596404
7 9 0.9926321163479706
7 4 0.9875032674503808
7 10 0.983223932697551
8 7 0.9976381222188044
8 9 0.9975806736122115
8 6 0.9932133358762425
8 10 0.9914723227168182
8 5 0.9868093910366527
8 11 0.9810940541405736
9 8 0.9975806736122115
9 10 0.9969581161293679
9 7 0.9926321163479706
9 11 0.9898387263457517
9 6 0.9856398638670134
9 12 0.977057548668981
10 9 0.9969581161293679
10 11 0.9967915153112936
10 8 0.9914723227168182
10 12 0.9881829251599821
10 7 0.983223932697551
10 6 0.973688687865385
11 10 0.9967915153112936
11 12 0.9958619740363837
11 9 0.9898387263457517
11 13 0.9849639629986902
11 8 0.9810940541405736
11 7 0.969860637613647
12 11 0.9958619740363837
12 13 0.9949387652134091
12 10 0.9881829251599821
12 14 0.9803478895615048
12 9 0.977057548668981
12 8 0.9645711997745419
13 12 0.9949387652134091
13 14 0.9932169225188174
13 11 0.9849639629986902
13 15 0.9737386351421058
13 10 0.9721432132369952
13 9 0.9563784862575991
14 13 0.9932169225188174
14 15 0.9913065765271436
14 12 0.9803478895615048
14 16 0.9635822319773517
14 11 0.9633628957113716
14 10 0.94500297122741
15 14 0.9913065765271436
15 16 0.9874809525897099
15 13 0.9737386351421058
15 12 0.9516650626500662
15 17 0.9498778352950401
15 11 0.9278749786438765
16 15 0.9874809525897099
16 17 0.9839052801785617
16 14 0.9635822319773517
16 18 0.9416802650774072
16 13 0.9334502697345755
16 12 0.902136511198445
17 16 0.9839052801785617
17 18 0.9824984917672748
17 15 0.9498778352950401
17 19 0.9457929977183017
17 14 0.9107881783022671
17 20 0.9064797431269647
18 19 0.9860709588717085
18 17 0.9824984917672748
18 20 0.9606277926519415
18 16 0.9416802650774072
18 21 0.932728165539104
18 22 0.8903961458605087
19 20 0.9911868093165039
19 18 0.9860709588717085
19 21 0.9714316858445989
19 17 0.9457929977183017
19 22 0.9348192008032555
19 23 0.8964716873673333
20 19 0.9911868093165039
20 21 0.9911524836767593
20 22 0.9628772740528616
20 18 0.9606277926519415
20 23 0.9286250551925301
20 17 0.9064797431269647
21 20 0.9911524836767593
21 22 0.9861694594275578
21 19 0.9714316858445989
21 23 0.9599660694359862
21 18 0.932728165539104
21 24 0.9306363776791888
22 23 0.9901830979613282
22 21 0.9861694594275578
22 24 0.9720230683179671
22 20 0.9628772740528616
22 25 0.9488645887063841
22 19 0.9348192008032555
23 24 0.9933295532777133
23 22 0.9901830979613282
23 25 0.979690948090784
23 26 0.962032248451104
23 21 0.9599660694359862
23 27 0.9411426395389064
24 25 0.9947402685835094
24 23 0.9933295532777133
24 26 0.9841399904275026
24 22 0.9720230683179671
24 27 0.9690612405543955
24 28 0.9500638842140565
25 26 0.9956476289016568
25 24 0.9947402685835094
25 27 0.9864382736644988
25 23 0.979690948090784
25 28 0.9722047187675884
25 29 0.9550990298442306
26 27 0.9960822427352789
26 25 0.9956476289016568
26 28 0.9872872332399454
26 24 0.9841399904275026
26 29 0.9742767646148351
26 23 0.962032248451104
27 28 0.9961372110753277
27 26 0.9960822427352789
27 29 0.987561535743229
27 25 0.9864382736644988
27 30 0.9717724612135464
27 24 0.9690612405543955
28 29 0.9961875313722532
28 27 0.9961372110753277
28 26 0.9872872332399454
28 30 0.9854450297166095
28 25 0.9722047187675884
28 31 0.9693884383971589
29 28 0.9961875313722532
29 30 0.9951539521425561
29 27 0.987561535743229
29 31 0.9839031003253114
29 26 0.9742767646148351
29 32 0.9666960838275175
30 31 0.995540302160765
30 29 0.9951539521425561
30 28 0.9854450297166095
30 32 0.984077089130825
30 27 0.9717724612135464
30 33 0.9672690754683644
31 30 0.995540302160765
31 32 0.9950354206691344
31 29 0.9839031003253114
31 33 0.983613238124269
31 28 0.9693884383971589
31 34 0.9683587342653581
32 33 0.9952158094260382
32 31 0.9950354206691344
32 34 0.984838768273534
32 30 0.984077089130825
32 35 0.9718061165843173
32 29 0.9666960838275175
33 34 0.9956681632024658
33 32 0.9952158094260382
33 35 0.9869188869256428
33 31 0.983613238124269
33 36 0.9747288221157888
33 30 0.9672690754683644
34 35 0.9962138994911822
34 33 0.9956681632024658
34 36 0.9878966279417478
34 32 0.984838768273534
34 37 0.975832734515655
34 31 0.9683587342653581
35 36 0.996393290547956
35 34 0.9962138994911822
35 37 0.9882839807520007
35 33 0.9869188869256428
35 38 0.9750127041171848
35 32 0.9718061165843173
36 37 0.9964080166567957
36 35 0.996393290547956
36 34 0.9878966279417478
36 38 0.987622502878593
36 33 0.9747288221157888
36 39 0.9701854717883514
37 36 0.9964080166567957
37 38 0.9959291992616415
37 35 0.9882839807520007
37 39 0.9836518598030743
37 34 0.975832734515655
37 33 0.9598603357682762
38 37 0.9959291992616415
38 39 0.9941874035864553
38 36 0.987622502878593
38 35 0.9750127041171848
38 40 0.9724969761581604
38 41 0.9595828772723355
39 38 0.9941874035864553
39 40 0.9897384200011405
39 37 0.9836518598030743
39 41 0.9792542793319245
39 36 0.9701854717883514
39 42 0.9549000504939068
40 41 0.9935646171702999
40 39 0.9897384200011405
40 42 0.9733411726603297
40 38 0.9724969761581604
40 37 0.954923842335963
40 43 0.9387876311567654
41 40 0.9935646171702999
41 42 0.9924331870429537
41 39 0.9792542793319245
41 43 0.9704851079433262
41 38 0.9595828772723355
41 37 0.940544241468269
42 41 0.9924331870429537
42 43 0.9920106476397936
42 40 0.9733411726603297
42 44 0.9704897175085501
42 39 0.9549000504939068
42 45 0.9384104422310682
43 44 0.9922423680335393
43 42 0.9920106476397936
43 45 0.9731589171443711
43 41 0.9704851079433262
43 0 0.9448782365447634
43 40 0.9387876311567654
44 45 0.993610369435494
44 43 0.9922423680335393
44 0 0.9770185371606759
44 42 0.9704897175085501
44 1 0.9657940119469413
44 2 0.9482823362164359
45 0 0.9942649965349348
45 44 0.993610369435494
45 1 0.9857657913789224
45 43 0.9731589171443711
45 2 0.9704179558780313
45 3 0.9553654789456933
