0 45 0.9942649965349348
0 1 0.9939751750062102
0 2 0.9807323280921332
0 44 0.9770185371606759
0 3 0.9671461631130405
0 4 0.953447682922921
0 43 0.9448782365447634
0 5 0.9398831856420669
0 6 0.9253599767798958
0 7 0.9100730863194106
0 42 0.898888018561534
0 8 0.8931434067049265
1 2 0.9951748202113193
1 0 0.9939751750062102
1 3 0.9869995728279797
1 45 0.9857657913789224
1 4 0.977103158060467
1 5 0.9664223083042001
1 44 0.9657940119469413
1 6 0.9544548125329869
1 7 0.9413310468145393
1 43 0.9312522310080187
1 8 0.9262123122215029
1 9 0.9087953576693091
2 3 0.997057756286545
2 1 0.9951748202113193
2 4 0.9913890130494353
2 5 0.9839012798559937
2 0 0.9807323280921332
2 6 0.9748711099431845
2 45 0.9704179558780313
2 7 0.964198341563042
2 8 0.9511115291364852
2 44 0.9482823362164359
2 9 0.9356391155126765
2 10 0.9157373885406013
3 4 0.9976422253105794
3 2 0.997057756286545
3 5 0.993133181074693
3 1 0.9869995728279797
3 6 0.9866048466368584
3 7 0.978141461177054
3 0 0.9671461631130405
3 8 0.9669877158173369
3 45 0.9553654789456933
3 9 0.9534757270179659
3 10 0.9352294191366625
3 44 0.9317853079032308
4 5 0.9979812667009518
4 3 0.9976422253105794
4 6 0.9938115138298691
4 2 0.9913890130494353
4 7 0.9875032674503808
4 8 0.978238873722747
4 1 0.977103158060467
4 9 0.9663969460402414
4 0 0.953447682922921
4 10 0.9500231608334152
4 45 0.940822873901775
4 11 0.9300210806268558
5 4 0.9979812667009518
5 6 0.9979727537776297
5 7 0.9938838568596404
5 3 0.993133181074693
5 8 0.9868093910366527
5 2 0.9839012798559937
5 9 0.977008707636158
5 1 0.9664223083042001
5 10 0.9627858755139087
5 11 0.9447482191045532
5 0 0.9398831856420669
5 45 0.9266909023808358
6 5 0.9979727537776297
6 7 0.9978775588714277
6 4 0.9938115138298691
6 8 0.9932133358762425
6 3 0.9866048466368584
6 9 0.9856398638670134
6 2 0.9748711099431845
6 10 0.973688687865385
6 11 0.9579069941088115
6 1 0.9544548125329869
6 12 0.9356344569249782
6 0 0.9253599767798958
7 6 0.9978775588714277
7 8 0.9976381222188044
7 5 0.9938838568596404
7 9 0.9926321163479706
7 4 0.9875032674503808
7 10 0.983223932697551
7 3 0.978141461177054
7 11 0.969860637613647
7 2 0.964198341563042
7 12 0.9501709215801629
7 1 0.9413310468145393
7 13 0.9223431300772156
8 7 0.9976381222188044
8 9 0.9975806736122115
8 6 0.9932133358762425
8 10 0.9914723227168182
8 5 0.9868093910366527
8 11 0.9810940541405736
8 4 0.978238873722747
8 3 0.9669877158173369
8 12 0.9645711997745419
8 2 0.9511115291364852
8 13 0.9401307709819662
8 1 0.9262123122215029
9 8 0.9975806736122115
9 10 0.9969581161293679
9 7 0.9926321163479706
9 11 0.9898387263457517
9 6 0.9856398638670134
9 12 0.977057548668981
9 5 0.977008707636158
9 4 0.9663969460402414
9 13 0.9563784862575991
9 3 0.9534757270179659
9 2 0.9356391155126765
9 14 0.9244396579584674
10 9 0.9969581161293679
10 11 0.9967915153112936
10 8 0.9914723227168182
10 12 0.9881829251599821
10 7 0.983223932697551
10 6 0.973688687865385
10 13 0.9721432132369952
10 5 0.9627858755139087
10 4 0.9500231608334152
10 14 0.94500297122741
10 3 0.9352294191366625
10 2 0.9157373885406013
11 10 0.9967915153112936
11 12 0.9958619740363837
11 9 0.9898387263457517
11 13 0.9849639629986902
11 8 0.9810940541405736
11 7 0.969860637613647
11 14 0.9633628957113716
11 6 0.9579069941088115
11 5 0.9447482191045532
11 4 0.9300210806268558
11 15 0.9278749786438765
11 3 0.9134049248090235
12 11 0.9958619740363837
12 13 0.9949387652134091
12 10 0.9881829251599821
12 14 0.9803478895615048
12 9 0.977057548668981
12 8 0.9645711997745419
12 15 0.9516650626500662
12 7 0.9501709215801629
12 6 0.9356344569249782
12 5 0.9199568692645477
12 4 0.9030906407653192
12 16 0.902136511198445
13 12 0.9949387652134091
13 14 0.9932169225188174
13 11 0.9849639629986902
13 15 0.9737386351421058
13 10 0.9721432132369952
13 9 0.9563784862575991
13 8 0.9401307709819662
13 16 0.9334502697345755
13 7 0.9223431300772156
13 6 0.905173456431968
13 5 0.8871917158504219
13 17 0.8688812309485485
14 13 0.9932169225188174
14 15 0.9913065765271436
14 12 0.9803478895615048
14 16 0.9635822319773517
14 11 0.9633628957113716
14 10 0.94500297122741
14 9 0.9244396579584674
14 17 0.9107881783022671
14 8 0.9040981187793709
14 7 0.8828202704167889
14 6 0.8621339433290172
14 5 0.8418040571857683
15 14 0.9913065765271436
15 16 0.9874809525897099
15 13 0.9737386351421058
15 12 0.9516650626500662
15 17 0.9498778352950401
15 11 0.9278749786438765
15 10 0.9037921201676391
15 18 0.8902068585156355
15 9 0.8779360913175462
15 8 0.8534077056811193
15 7 0.8287187023393323
15 19 0.8265659886479071
16 15 0.9874809525897099
16 17 0.9839052801785617
16 14 0.9635822319773517
16 18 0.9416802650774072
16 13 0.9334502697345755
16 12 0.902136511198445
16 19 0.8879917197647815
16 11 0.8707046322300389
16 10 0.840676080953122
16 20 0.8390401307087982
16 9 0.8098087493648269
16 21 0.8006985485088164
17 16 0.9839052801785617
17 18 0.9824984917672748
17 15 0.9498778352950401
17 19 0.9457929977183017
17 14 0.9107881783022671
17 20 0.9064797431269647
17 21 0.8719911721614773
17 13 0.8688812309485485
17 12 0.8287988485398281
17 22 0.8257403941158129
17 11 0.7911641714692779
17 23 0.7859199632471972
18 19 0.9860709588717085
18 17 0.9824984917672748
18 20 0.9606277926519415
18 16 0.9416802650774072
18 21 0.932728165539104
18 22 0.8903961458605087
18 15 0.8902068585156355
18 23 0.850152325028374
18 14 0.8397610438553785
18 24 0.8143522989458014
18 13 0.78958852278987
18 25 0.779848690909418
19 20 0.9911868093165039
19 18 0.9860709588717085
19 21 0.9714316858445989
19 17 0.9457929977183017
19 22 0.9348192008032555
19 23 0.8964716873673333
19 16 0.8879917197647815
19 24 0.8603828001174492
19 15 0.8265659886479071
19 25 0.8247357442025489
19 26 0.7913060945003374
19 14 0.7697889302022463
20 19 0.9911868093165039
20 21 0.9911524836767593
20 22 0.9628772740528616
20 18 0.9606277926519415
20 23 0.9286250551925301
20 17 0.9064797431269647
20 24 0.8943177052693014
20 25 0.8597140382835595
20 16 0.8390401307087982
20 26 0.8265470254510632
20 27 0.7934851910511677
20 15 0.7725496452639506
21 20 0.9911524836767593
21 22 0.9861694594275578
21 19 0.9714316858445989
21 23 0.9599660694359862
21 18 0.932728165539104
21 24 0.9306363776791888
21 25 0.8995998918917469
21 17 0.8719911721614773
21 26 0.8689218218428274
21 27 0.8379796570924186
21 28 0.8050145658477019
21 16 0.8006985485088164
22 23 0.9901830979613282
22 21 0.9861694594275578
22 24 0.9720230683179671
22 20 0.9628772740528616
22 25 0.9488645887063841
22 19 0.9348192008032555
22 26 0.9240530648274529
22 27 0.8977071779559658
22 18 0.8903961458605087
22 28 0.8686892023962545
22 29 0.8392443924663187
22 17 0.8257403941158129
23 24 0.9933295532777133
23 22 0.9901830979613282
23 25 0.979690948090784
23 26 0.962032248451104
23 21 0.9599660694359862
23 27 0.9411426395389064
23 20 0.9286250551925301
23 28 0.9171433186585756
23 19 0.8964716873673333
23 29 0.8919168485839203
23 30 0.8617484964968002
23 18 0.850152325028374
24 25 0.9947402685835094
24 23 0.9933295532777133
24 26 0.9841399904275026
24 22 0.9720230683179671
24 27 0.9690612405543955
24 28 0.9500638842140565
24 21 0.9306363776791888
24 29 0.9287245272852996
24 30 0.9020769782239297
24 20 0.8943177052693014
24 31 0.8745226162442126
24 19 0.8603828001174492
25 26 0.9956476289016568
25 24 0.9947402685835094
25 27 0.9864382736644988
25 23 0.979690948090784
25 28 0.9722047187675884
25 29 0.9550990298442306
25 22 0.9488645887063841
25 30 0.9320314176757989
25 31 0.9069664778765911
25 21 0.8995998918917469
25 32 0.8792001043545856
25 20 0.8597140382835595
26 27 0.9960822427352789
26 25 0.9956476289016568
26 28 0.9872872332399454
26 24 0.9841399904275026
26 29 0.9742767646148351
26 23 0.962032248451104
26 30 0.9547237027559716
26 31 0.9322827965345419
26 22 0.9240530648274529
26 32 0.9064539725822225
26 33 0.8802084418345274
26 21 0.8689218218428274
27 28 0.9961372110753277
27 26 0.9960822427352789
27 29 0.987561535743229
27 25 0.9864382736644988
27 30 0.9717724612135464
27 24 0.9690612405543955
27 31 0.9520810895565526
27 23 0.9411426395389064
27 32 0.9283627938686327
27 33 0.9034060448555901
27 22 0.8977071779559658
27 34 0.8810441493382959
28 29 0.9961875313722532
28 27 0.9961372110753277
28 26 0.9872872332399454
28 30 0.9854450297166095
28 25 0.9722047187675884
28 31 0.9693884383971589
28 24 0.9500638842140565
28 32 0.9480312594652169
28 33 0.9247311587031133
28 23 0.9171433186585756
28 34 0.9032047370762626
28 35 0.8841088828022401
29 28 0.9961875313722532
29 30 0.9951539521425561
29 27 0.987561535743229
29 31 0.9839031003253114
29 26 0.9742767646148351
29 32 0.9666960838275175
29 25 0.9550990298442306
29 33 0.9458787268223284
29 24 0.9287245272852996
29 34 0.9256550144776317
29 35 0.9076618858545126
29 23 0.8919168485839203
30 31 0.995540302160765
30 29 0.9951539521425561
30 28 0.9854450297166095
30 32 0.984077089130825
30 27 0.9717724612135464
30 33 0.9672690754683644
30 26 0.9547237027559716
30 34 0.9489082091046039
30 25 0.9320314176757989
30 35 0.9317367996686907
30 36 0.9149903180911967
30 24 0.9020769782239297
31 30 0.995540302160765
31 32 0.9950354206691344
31 29 0.9839031003253114
31 33 0.983613238124269
31 28 0.9693884383971589
31 34 0.9683587342653581
31 35 0.9526928330449227
31 27 0.9520810895565526
31 36 0.9366060595796122
31 26 0.9322827965345419
31 37 0.9192746056021821
31 25 0.9069664778765911
32 33 0.9952158094260382
32 31 0.9950354206691344
32 34 0.984838768273534
32 30 0.984077089130825
32 35 0.9718061165843173
32 29 0.9666960838275175
32 36 0.9570765793327307
32 28 0.9480312594652169
32 37 0.9405133125838235
32 27 0.9283627938686327
32 38 0.9201621311577524
32 26 0.9064539725822225
33 34 0.9956681632024658
33 32 0.9952158094260382
33 35 0.9869188869256428
33 31 0.983613238124269
33 36 0.9747288221157888
33 30 0.9672690754683644
33 37 0.9598603357682762
33 29 0.9458787268223284
33 38 0.9410475226619355
33 28 0.9247311587031133
33 39 0.9138501893257766
33 27 0.9034060448555901
34 35 0.9962138994911822
34 33 0.9956681632024658
34 36 0.9878966279417478
34 32 0.984838768273534
34 37 0.975832734515655
34 31 0.9683587342653581
34 38 0.9591808996321334
34 30 0.9489082091046039
34 39 0.9345317320601267
34 29 0.9256550144776317
34 28 0.9032047370762626
34 40 0.8944888981831302
35 36 0.996393290547956
35 34 0.9962138994911822
35 37 0.9882839807520007
35 33 0.9869188869256428
35 38 0.9750127041171848
35 32 0.9718061165843173
35 39 0.9536778980007963
35 31 0.9526928330449227
35 30 0.9317367996686907
35 40 0.9171130677589325
35 29 0.9076618858545126
35 41 0.9013623087644289
36 37 0.9964080166567957
36 35 0.996393290547956
36 34 0.9878966279417478
36 38 0.987622502878593
36 33 0.9747288221157888
36 39 0.9701854717883514
36 32 0.9570765793327307
36 40 0.9371074209842716
36 31 0.9366060595796122
36 41 0.9219330649612374
36 30 0.9149903180911967
36 42 0.8937693215106923
37 36 0.9964080166567957
37 38 0.9959291992616415
37 35 0.9882839807520007
37 39 0.9836518598030743
37 34 0.975832734515655
37 33 0.9598603357682762
37 40 0.954923842335963
37 41 0.940544241468269
37 32 0.9405133125838235
37 31 0.9192746056021821
37 42 0.9129896700671227
37 30 0.8969706231100483
38 37 0.9959291992616415
38 39 0.9941874035864553
38 36 0.987622502878593
38 35 0.9750127041171848
38 40 0.9724969761581604
38 41 0.9595828772723355
38 34 0.9591808996321334
38 33 0.9410475226619355
38 42 0.9331429555830354
38 32 0.9201621311577524
38 31 0.897505954950526
38 43 0.8931435908103487
39 38 0.9941874035864553
39 40 0.9897384200011405
39 37 0.9836518598030743
39 41 0.9792542793319245
39 36 0.9701854717883514
39 42 0.9549000504939068
39 35 0.9536778980007963
39 34 0.9345317320601267
39 43 0.9165354484206578
39 33 0.9138501893257766
39 32 0.890654299886698
39 44 0.866150132449122
40 41 0.9935646171702999
40 39 0.9897384200011405
40 42 0.9733411726603297
40 38 0.9724969761581604
40 37 0.954923842335963
40 43 0.9387876311567654
40 36 0.9371074209842716
40 35 0.9171130677589325
40 34 0.8944888981831302
40 44 0.8915343251041874
40 33 0.8702479641619332
40 32 0.8437764564017358
41 40 0.9935646171702999
41 42 0.9924331870429537
41 39 0.9792542793319245
41 43 0.9704851079433262
41 38 0.9595828772723355
41 37 0.940544241468269
41 44 0.9349375158072579
41 36 0.9219330649612374
41 35 0.9013623087644289
41 45 0.8909990236018069
41 34 0.8774890171780902
41 33 0.8520888289328153
42 41 0.9924331870429537
42 43 0.9920106476397936
42 40 0.9733411726603297
42 44 0.9704897175085501
42 39 0.9549000504939068
42 45 0.9384104422310682
42 38 0.9331429555830354
42 37 0.9129896700671227
42 0 0.898888018561534
42 36 0.8937693215106923
42 1 0.8830020719555662
42 35 0.8730684492834437
43 44 0.9922423680335393
43 42 0.9920106476397936
43 45 0.9731589171443711
43 41 0.9704851079433262
43 0 0.9448782365447634
43 40 0.9387876311567654
43 1 0.9312522310080187
43 39 0.9165354484206578
43 2 0.9119957197135158
43 3 0.8945393699397285
43 38 0.8931435908103487
43 4 0.8787975429106982
44 45 0.993610369435494
44 43 0.9922423680335393
44 0 0.9770185371606759
44 42 0.9704897175085501
44 1 0.9657940119469413
44 2 0.9482823362164359
44 41 0.9349375158072579
44 3 0.9317853079032308
44 4 0.9164167930301383
44 5 0.9018518553928383
44 40 0.8915343251041874
44 6 0.8866997584857417
45 0 0.9942649965349348
45 44 0.993610369435494
45 1 0.9857657913789224
45 43 0.9731589171443711
45 2 0.9704179558780313
45 3 0.9553654789456933
45 4 0.940822873901775
45 42 0.9384104422310682
45 5 0.9266909023808358
45 6 0.9118136538912762
45 7 0.8963414512123373
45 41 0.8909990236018069
